bp	snp	gwas_p	eqtl_p	r2
128389554	rs1006023	0.0379818	0.320821428	0.002
128389559	rs1006024	0.0409829	0.344285847	0.002
128558502	rs10081379	0.00466354	0.379114099	0.017
128684571	rs10156169	6.94E-13	0.475018723	0.094
128789583	rs10215952	0.0210313	0.545798194	0.05
128789588	rs10215953	0.0165248	0.716550383	0.05
128789884	rs10216028	0.157779	0.519459267	0.018
128744709	rs10225866	1.25E-05	0.067223493	0.047
128599397	rs10229001	3.53E-16	0.953688719	0.057
128597587	rs10236569	4.39E-14	0.301578191	0.094
128668510	rs10239340	4.16E-16	0.250510412	0.057
128767410	rs10247566	0.0746663	0.960670814	0.004
128742649	rs10254963	2.00E-10	0.143003729	0.072
128817031	rs10256669	0.360723	0.645813684	0.004
128817187	rs10256888	0.363259	0.646710648	0.004
128752860	rs10262147	5.86E-06	0.182006007	0.047
128735579	rs10269317	0.688462	0.319435219	0.005
128735690	rs10269439	0.985057	0.0381098	0
128683547	rs10279821	8.80E-13	0.475018723	0.094
128558689	rs10280295	0.00220489	0.404831196	0.019
128409225	rs1043550	0.0301483	0.554554681	0.006
128410012	rs1043595	0.584249	0.124714639	0.002
128411620	rs1044226	0.0453136	0.322167713	0.002
128766165	rs10464694	0.284774	0.811475919	0.008
128766528	rs10464697	0.53337	0.364318197	0.008
128769030	rs10464703	0.29603	0.861957717	0.008
128593948	rs10488630	0.943582	0.000269726	0.071
128594183	rs10488631	9.40E-45	6.88E-13	0.827
128853123	rs1061280	0.139401	0.743618296	0
128853308	rs1061285	0.109901	0.73372938	0
128673205	rs1072767	4.60E-14	0.405561457	0.094
128742951	rs1077481	2.64E-10	0.144437148	0.072
128743071	rs1077482	2.20E-10	0.145191837	0.072
128743124	rs1077483	0.131124	0.185228132	0
128521431	rs10954211	0.197738	0.323794307	0.004
128589427	rs10954213	2.77E-16	0.202924049	0.057
128589633	rs10954214	4.56E-14	0.324467207	0.094
128645513	rs10954215	3.24E-16	0.250510412	0.057
128746313	rs10954217	0.526077	0.359559313	0.001
128748785	rs10954218	0.664805	0.320216629	0.002
128795384	rs10954222	0.0195619	0.955720486	0.03
128393950	rs109829	0.0339585	0.358138943	0.003
128508011	rs1109781	0.00203917	0.152275356	0.001
128572399	rs111236877	0.0181147	0.401463947	0.011
128386846	rs111265944	0.0403839	0.325892966	0.002
128501734	rs111525351	0.716353	0.905077616	0.01
128671101	rs111637762	0.833817	0.013293485	0.064
128704463	rs111666147	3.09E-07	0.531719141	0.038
128725386	rs111720106	0.202915	0.048417253	0.004
128732414	rs111764833	0.139722	0.048352249	0.005
128524190	rs111838117	0.820885	0.844009886	0.013
128482806	rs111958241	0.847998	0.756209061	0.013
128747144	rs112020498	0.0670171	0.084162415	0.002
128501559	rs112104786	0.945096	0.859136329	0.013
128601764	rs112659365	0.00116307	0.00891434	0.006
128686929	rs112868952	0.0517816	0.013393361	0.015
128501959	rs112947324	0.487311	0.820706133	0.013
128755229	rs112984431	0.0922349	0.118686983	0.002
128523297	rs113033809	0.565288	0.296980299	0.007
128652306	rs113045281	0.000915259	0.00615977	0.006
128467381	rs113065509	0.675625	0.744697467	0.017
128738923	rs113253472	5.79E-13	0.003762386	0.149
128744633	rs113450807	6.72E-09	0.010815335	0.106
128402782	rs113520408	0.548992	0.12483917	0.002
128508027	rs113593618	0.841877	0.859145454	0.013
128759961	rs113632320	0.0908759	0.097281059	0.002
128711547	rs113708239	3.55E-36	3.79E-10	0.847
128823270	rs113716540	0.611506	0.243943996	0.001
128506470	rs113752302	0.985176	0.860025016	0.013
128720447	rs113893409	0.213035	0.04629567	0.004
128718178	rs113945951	2.17E-29	2.99E-06	0.381
128496399	rs113982458	0.968086	0.837187742	0.013
128612552	rs11538884	0.0389609	0.412029674	0.013
128630227	rs1154329	8.28E-06	0.316698647	0.032
128625788	rs1154330	8.26E-06	0.316698647	0.032
128509207	rs116296846	0.715049	0.852653003	0.013
128409580	rs11653	0.0336053	0.432425363	0.006
128737892	rs116956139	2.32E-14	0.000291298	0.206
128737893	rs117236301	1.58E-15	0.00029654	0.206
128793722	rs117388928	0.0207164	0.836417917	0.005
128698186	rs117473643	1.58E-44	6.88E-13	0.827
128656120	rs11760442	4.97E-14	0.495997044	0.094
128392743	rs11760505	0.0466296	0.423587748	0.002
128581835	rs11761199	1.22E-30	0.003759356	0.107
128670964	rs11762968	0.0739284	7.37E-13	0.111
128397327	rs11763672	0.0450829	0.321174123	0.002
128637994	rs11763684	1.28E-15	0.25679856	0.057
128641906	rs11763959	0.112504	5.38E-07	0.105
128862578	rs11764644	0.00246756	0.781052139	0.013
128643240	rs11765050	0.0663838	4.72E-12	0.111
128520881	rs117652666	0.353888	0.359636525	0.007
128405013	rs11766175	0.0332218	0.433112216	0.006
128749948	rs11766182	0.339084	0.844878034	0.003
128686338	rs11767238	0.835417	0.017101126	0.066
128392843	rs11767254	0.0443656	0.428547603	0.002
128651832	rs11767711	4.79E-16	0.265883249	0.059
128699679	rs11767954	1.98E-08	0.325892045	0.012
128645292	rs11768572	0.936249	0.000307662	0.071
128758015	rs11768874	0.885538	0.88078793	0.004
128841137	rs11768957	0.700142	0.840655751	0
128653202	rs11769533	0.0620488	4.74E-12	0.111
128750026	rs11769857	0.900851	0.982393064	0.003
128629471	rs11770317	0.0580621	1.15E-11	0.111
128589488	rs11770589	0.0743386	3.27E-12	0.114
128730177	rs11770861	0.0469502	0.923354751	0.037
128730083	rs11770889	0.051089	0.935450169	0.037
128730247	rs11770935	0.213721	0.145248263	0.029
128750079	rs11773134	0.000111856	0.007348462	0.038
128638032	rs11773774	0.732987	0.006863632	0.066
128698185	rs117944677	1.40E-41	2.08E-12	0.827
128774205	rs11971071	0.00593363	0.032704259	0.005
128493169	rs11971599	0.219913	0.70221338	0
128736849	rs11972310	2.01E-07	0.133763265	0.05
128721471	rs11972719	3.51E-18	0.012383847	0.201
128773770	rs11975493	0.00388177	0.04190992	0.005
128542982	rs11975930	0.397731	0.288780591	0.005
128755618	rs11976770	1.18E-05	0.166604855	0.047
128691990	rs11976775	5.95E-08	0.488819069	0.012
128756402	rs11977643	1.04E-05	0.176749244	0.047
128551363	rs11978560	0.373415	0.434614744	0.006
128756493	rs11981263	0.410771	0.178750643	0.001
128527093	rs11982744	0.739325	0.966395505	0.002
128566754	rs11982901	2.18E-17	0.27893134	0.069
128752568	rs12113040	6.24E-06	0.179829451	0.047
128658739	rs12155080	1.48E-16	0.250510412	0.057
128710988	rs12155244	1.37E-10	0.577048538	0.048
128383222	rs12530616	0.0674712	0.661913131	0.008
128644251	rs12531054	3.53E-45	6.87E-13	0.827
128667412	rs12532542	4.94E-14	0.405561457	0.094
128382873	rs12533022	0.0245566	0.577140174	0.006
128402032	rs12534064	0.0310431	0.433241301	0.006
128624073	rs12534421	3.18E-45	6.86E-13	0.827
128625019	rs12535158	3.17E-45	6.86E-13	0.827
128611035	rs12536266	3.51E-45	6.88E-13	0.827
128717523	rs12536672	4.61E-30	1.54E-06	0.403
128717740	rs12536719	9.65E-31	1.58E-06	0.403
128381058	rs12536800	0.940626	0.226578873	0.001
128717965	rs12537264	3.28E-29	2.10E-06	0.381
128717906	rs12537284	9.84E-31	1.58E-06	0.403
128712868	rs12537496	1.46E-17	0.003946225	0.155
128388541	rs12538139	0.0398376	0.321954224	0.002
128386272	rs12539363	0.0397442	0.32862522	0.002
128657483	rs12539476	3.81E-45	6.88E-13	0.827
128390782	rs12539716	0.0462073	0.423491135	0.002
128596805	rs12539741	3.96E-45	6.88E-13	0.827
128722800	rs12540468	2.21E-18	0.013643058	0.217
128790847	rs12666384	0.0189561	0.808493976	0.03
128790796	rs12668381	0.0161227	0.958260356	0.027
128730951	rs12668956	0.114456	0.203875569	0.02
128746301	rs12669653	0.400569	0.034364784	0.002
128625289	rs12669885	0.00475471	0.297419558	0.013
128634360	rs12672081	0.0314855	0.412029674	0.013
128736219	rs12673075	0.267709	0.031680592	0.002
128790946	rs12673144	0.0150779	0.990888043	0.032
128790994	rs12673188	0.0150731	0.993909498	0.032
128590921	rs12673511	0.0409706	0.412029674	0.013
128521437	rs12673737	0.967224	0.801005098	0
128715679	rs12674059	4.40E-13	0.191649184	0.082
128570026	rs12706860	2.26E-18	0.142577721	0.074
128616582	rs12706861	3.27E-45	6.83E-13	0.827
128725325	rs12706862	5.54E-14	0.014463489	0.063
128844402	rs12706866	0.369367	0.751547393	0.007
128418013	rs1318256	0.000911263	0.262536405	0.009
128756526	rs13221067	0.0431113	0.041129838	0.006
128816655	rs13221269	0.34782	0.641933416	0.004
128663175	rs13221560	8.74E-14	0.303232127	0.096
128716525	rs13222044	8.59E-31	1.50E-06	0.403
128735744	rs13222807	1.03E-13	0.000166714	0.143
128738964	rs13222837	5.79E-11	0.154429105	0.072
128711228	rs13222967	0.00029515	0.881207166	0.052
128769100	rs13223118	0.0153953	0.029212306	0.005
128751955	rs13225556	0.955414	0.965949903	0.001
128504529	rs13225751	0.802513	0.343944922	0
128736014	rs13225818	1.41E-13	0.000169165	0.143
128504575	rs13226115	0.769689	0.344467506	0
128739949	rs13226546	3.03E-10	0.070557918	0.072
128643297	rs13227075	3.52E-45	6.87E-13	0.827
128723943	rs13227095	1.60E-17	0.01484335	0.201
128740355	rs13227214	1.08E-10	0.148813632	0.072
128490553	rs13227216	0.851094	0.457699421	0.001
128754323	rs13227498	0.686655	0.289299658	0.002
128714843	rs13229034	7.34E-31	1.41E-06	0.403
128499860	rs13230127	0.238602	0.47103557	0
128715299	rs13232316	7.66E-31	1.43E-06	0.403
128816601	rs13235352	0.468512	0.694760763	0.003
128795773	rs13235509	0.021077	0.858982195	0.03
128759908	rs13235698	0.0397777	0.041146239	0.006
128663173	rs13236009	5.96E-45	6.89E-13	0.827
128572482	rs13237475	1.49E-17	0.19570445	0.066
128720433	rs13237546	3.86E-30	3.53E-06	0.403
128862391	rs13238161	0.469664	0.838191998	0.002
128647942	rs13238352	2.33E-45	7.09E-13	0.827
128516470	rs13238831	0.228141	0.352234771	0.002
128695983	rs13239597	1.19E-44	6.88E-13	0.827
128727843	rs13239703	0.00196533	0.499006372	0.063
128791160	rs13239893	0.018469	0.99567261	0.03
128821778	rs13240451	0.572352	0.442433018	0.001
128731777	rs13240595	4.18E-26	7.62E-06	0.362
128714746	rs13241591	1.07E-30	1.40E-06	0.403
128708939	rs13242075	5.36E-44	3.02E-13	1
128591364	rs13242262	2.88E-16	0.175639973	0.057
128785008	rs13243618	0.0990937	0.888242035	0.019
128725297	rs13244090	4.74E-14	0.014304863	0.063
128567810	rs13245639	2.14E-17	0.259654459	0.069
128701331	rs13246321	3.66E-44	6.88E-13	0.827
128756270	rs13247794	0.0463852	0.041121805	0.006
128652145	rs139623125	0.0390866	0.406428824	0.013
128386356	rs141023521	0.508325	0.415499983	0.005
128656246	rs142584143	0.0395843	0.412029674	0.013
128671110	rs142681586	0.0400462	0.412029674	0.013
128576573	rs142866741	0.0172145	0.410406924	0.011
128523082	rs143202507	0.82328	0.847225505	0.013
128732777	rs143708303	0.274555	0.241773629	0.004
128755017	rs1450876	0.67013	0.274402936	0.002
128674681	rs145696656	0.0396679	0.412073567	0.013
128503543	rs1472147	0.864112	0.334299245	0
128702410	rs1476193	2.14E-08	0.255968366	0.012
128718170	rs148435172	0.202029	0.047909403	0.004
128651541	rs148715708	0.0396217	0.412029674	0.013
128551740	rs1495461	0.00279275	0.875967363	0
128516945	rs1532222	0.203358	0.370028928	0.005
128746316	rs1545445	1.23E-08	0.011014681	0.106
128449387	rs1565628	0.149651	0.817842774	0.002
128445370	rs1565629	0.166796	0.935430001	0
128445266	rs1565630	0.44826	0.61447478	0
128759073	rs1594423	0.360656	0.027527788	0.002
128759091	rs1594424	0.263919	0.020804013	0.002
128651000	rs1597552	0.0675537	6.91E-13	0.114
128550030	rs1609544	0.504545	0.299226601	0.006
128550894	rs1609545	0.555315	0.307218319	0.006
128419678	rs1668419	0.152636	0.076282615	0.004
128421782	rs1688931	0.000569939	0.284029748	0.009
128421135	rs1688932	0.000590361	0.314058379	0.01
128419880	rs1688934	0.00584598	0.289847599	0.012
128442479	rs17165121	0.138081	0.929645858	0
128451004	rs17165191	0.156946	0.615196663	0
128451741	rs17165198	0.16071	0.816989499	0
128453626	rs17165226	0.237319	0.979906526	0.003
128466576	rs17165357	0.694479	0.75905657	0.017
128597804	rs17166351	0.0615844	6.85E-13	0.114
128797622	rs17167754	0.0550134	0.756339468	0.017
128871713	rs17168214	0.499459	0.345082532	0
128618559	rs17338998	3.24E-45	6.84E-13	0.827
128625914	rs17339221	2.45E-06	0.339459361	0.032
128681062	rs17339836	8.56E-45	4.30E-13	0.827
128708797	rs17340351	5.10E-44	2.93E-13	1
128720045	rs17340542	2.56E-30	3.00E-06	0.403
128722514	rs17340646	3.58E-18	0.01355299	0.201
128384605	rs17396823	0.0228955	0.56714522	0.006
128414484	rs17397588	0.0459682	0.320876643	0.002
128657995	rs17424179	0.201891	0.264251332	0.008
128687940	rs17424602	4.40E-45	6.88E-13	0.827
128708122	rs17424921	3.82E-44	2.80E-13	1
128721724	rs17425212	8.58E-28	6.51E-06	0.381
128755306	rs17425565	0.372344	0.176963772	0.001
128407169	rs17475638	0.00223875	0.47558569	0.003
128408313	rs17475665	0.0351777	0.432960066	0.006
128415290	rs17476081	0.043156	0.28755437	0.002
128415195	rs1799922	0.0266376	0.288207355	0.005
128390206	rs184703706	0.40824	0.421795661	0.005
128412982	rs1868774	0.0456064	0.321524554	0.002
128585376	rs1874327	3.67E-14	0.288282977	0.092
128585104	rs1874328	0.443635	0.000271008	0.079
128575224	rs1874330	1.05E-07	0.070324195	0.039
128614613	rs1874332	0.063499	4.79E-12	0.111
128709789	rs1901198	0.001267	1.80E-07	0.118
128804780	rs1971767	0.0437381	0.881068577	0.023
128545855	rs1976297	0.639697	0.289304557	0.005
128758080	rs1987448	0.402281	0.182232947	0.001
128789127	rs1991646	0.0273497	0.658599168	0.05
128472981	rs1994765	0.905155	0.441701729	0.004
128745069	rs2003202	2.11E-08	0.021193988	0.106
128578301	rs2004640	2.90E-31	0.002331189	0.139
128744981	rs2013044	8.42E-06	0.177215414	0.047
128768413	rs2037738	0.122755	0.916122998	0.008
128390143	rs2046973	0.319357	0.785729852	0
128440641	rs2046974	0.432368	0.827377536	0.002
128757813	rs2060720	0.363161	0.026811755	0.002
128758033	rs2060721	0.0940069	0.883678814	0.009
128589000	rs2070197	3.04E-45	6.88E-13	0.827
128845277	rs2075777	0.115413	0.440334279	0.007
128845702	rs2075778	0.135053	0.440980883	0.007
128845907	rs2075779	0.130656	0.525882547	0.007
128852381	rs2075780	0.0970595	0.687398377	0
128729128	rs2084654	2.60E-12	0.010191043	0.059
128476726	rs2132256	0.171875	0.809786336	0
128877305	rs2141075	0.0182701	0.556428847	0.01
128748378	rs2167272	0.660888	0.321494592	0.002
128689413	rs2167273	0.27332	2.83E-06	0.096
128603292	rs2172876	0.0707368	7.37E-13	0.114
128802526	rs2177950	0.047077	0.882815913	0.023
128846328	rs2228617	0.12103	0.441189272	0.007
128694976	rs2242028	4.93E-08	0.336408071	0.012
128695279	rs2242029	1.64E-06	0.119986143	0.038
128455916	rs2270590	0.639906	0.840025807	0.002
128456234	rs2270593	0.234785	0.980373672	0.003
128619415	rs2272347	2.92E-16	0.193348417	0.057
128594725	rs2280714	4.23E-14	0.405561457	0.094
128388981	rs2290227	0.275179	0.435696553	0.011
128388648	rs2290228	0.587843	0.854354821	0
128626557	rs2290231	0.0399769	0.412029674	0.013
128477472	rs2291560	0.73408	0.783678864	0.002
128477547	rs2291561	0.722401	0.783678864	0.002
128478103	rs2291562	0.164049	0.818118059	0
128480791	rs2291564	0.0844735	0.929276527	0.003
128481196	rs2291565	0.17964	0.549668048	0
128482440	rs2291566	0.64232	0.582098917	0
128483227	rs2291567	0.872282	0.52535778	0.002
128487893	rs2291568	0.226832	0.520329964	0
128488734	rs2291569	0.653044	0.716007032	0
128808061	rs2293426	0.0444635	0.90821606	0.03
128615066	rs2293492	0.0473141	0.037277592	0.015
128614990	rs2293493	0.0354056	0.412029674	0.013
128633722	rs2305323	0.731049	0.00688047	0.066
128641226	rs2305324	0.292815	2.90E-06	0.096
128654840	rs2305325	0.314353	1.14E-06	0.098
128454537	rs2307036	0.218938	0.980373672	0.003
128449405	rs2307037	0.216953	0.869864154	0.003
128449356	rs2307038	0.246118	0.850314402	0.003
128449355	rs2307039	0.237427	0.850091909	0.003
128394606	rs2307040	0.0486277	0.323594699	0.002
128401466	rs2402935	0.0376601	0.433226585	0.006
128444295	rs2402938	0.121454	0.656586416	0
128570742	rs2402940	1.54E-07	0.154043362	0.036
128859394	rs2465900	0.672846	0.531840782	0.004
128816439	rs2566868	0.415221	0.562957663	0.003
128840135	rs2566869	0.957751	0.5330285	0.014
128841118	rs2566870	0.61693	0.849771731	0
128843169	rs2566871	0.106067	0.618151672	0
128845325	rs2566872	0.113367	0.416999855	0.007
128791398	rs2566890	0.0229672	0.973144647	0.03
128795167	rs2566891	0.0195322	0.958292911	0.03
128804218	rs2566892	0.0614245	0.881085575	0.023
128808488	rs2648	0.414036	0.838754376	0
128866950	rs2694571	0.46642	0.309723003	0
128843757	rs2701316	0.168554	0.739570026	0
128793560	rs2701317	0.0747368	0.839747972	0.03
128840230	rs2703090	0.653094	0.971108487	0.008
128845018	rs2703091	0.115505	0.44073165	0.007
128846804	rs2703093	0.102939	0.426038883	0.007
128810971	rs2718102	0.0466016	0.89905073	0.03
128838659	rs2718107	0.698499	0.948274111	0.008
128838769	rs2718108	0.557616	0.549025107	0.013
128844066	rs2718110	0.119049	0.43525744	0.007
128859284	rs2718111	0.776537	0.50408798	0.004
128871532	rs2718115	0.0156106	0.998692707	0.027
128846469	rs2735842	0.122738	0.435555677	0.007
128846716	rs2735843	0.126609	0.706345588	0
128847463	rs2735844	0.122285	0.440172791	0.007
128770701	rs28396650	0.304114	0.775133913	0.001
128816476	rs28550218	0.345964	0.640832598	0.004
128516037	rs28582084	0.891263	0.67268547	0.011
128504285	rs28584751	0.735479	0.445344795	0.003
128554075	rs28634513	0.38874	0.434111447	0.005
128816581	rs28674838	0.407268	0.706023979	0.004
128661132	rs28711211	0.0680574	3.79E-12	0.114
128795557	rs28783746	0.0176431	0.991186784	0.03
128698257	rs28864742	5.14E-07	0.085773769	0.039
128419011	rs339037	0.00130608	0.151067555	0.004
128416587	rs339038	0.0390899	0.130389379	0.03
128416561	rs339039	0.00462416	0.189307737	0.009
128390563	rs339046	0.0387123	0.283691671	0.004
128386205	rs339050	0.0816491	0.536612053	0.008
128382511	rs339054	0.0396591	0.327955233	0.004
128426806	rs339082	0.000163909	0.163167203	0.009
128425768	rs339083	0.000254201	0.161083721	0.009
128424343	rs339084	0.000506897	0.179310292	0.009
128423763	rs339085	0.000597295	0.18049053	0.009
128423617	rs339086	0.0006879	0.180392769	0.009
128423341	rs339087	0.00331446	0.135689414	0.005
128422986	rs339088	0.000700617	0.18049053	0.009
128422527	rs339090	0.000567984	0.329181408	0.009
128406086	rs339094	0.0558388	0.371543939	0.003
128406047	rs339095	0.0385438	0.294008724	0.003
128396582	rs339098	0.0349527	0.323230106	0.002
128396345	rs339099	0.0419185	0.285256168	0.003
128486091	rs34180031	0.991666	0.782755056	0.013
128744432	rs34282166	0.843512	0.896062182	0.001
128735438	rs34288126	1.01E-16	4.87E-05	0.231
128397977	rs34308504	0.046124	0.323034078	0.001
128718708	rs34350562	1.57E-30	2.45E-06	0.403
128486363	rs34373805	0.775275	0.485982387	0.005
128666825	rs34381587	2.56E-44	1.27E-12	0.827
128710302	rs34420397	1.78E-43	5.96E-13	1
128790191	rs34534607	0.134482	0.557301868	0.019
128721877	rs34591253	2.11E-29	5.99E-06	0.403
128603415	rs34632345	3.68E-08	0.297489801	0.035
128797002	rs34639170	0.0387701	0.948072803	0.009
128720967	rs34644138	7.02E-30	4.38E-06	0.403
128739025	rs34673027	5.85E-11	0.154130159	0.072
128488456	rs34692078	0.646863	0.46394467	0.004
128747220	rs34717200	0.644334	0.335436654	0.002
128641653	rs34725944	3.50E-45	6.87E-13	0.827
128700153	rs34748780	2.22E-44	6.88E-13	0.827
128801715	rs34761481	0.0925701	0.903173962	0.009
128816146	rs34783001	0.414241	0.559915176	0.003
128563333	rs34815476	4.41E-17	0.406383004	0.066
128717305	rs34865778	9.20E-31	1.54E-06	0.403
128671086	rs34871361	4.06E-45	6.88E-13	0.827
128567718	rs34891352	2.92E-16	0.426114691	0.069
128790310	rs34992981	0.664597	0.60986802	0.004
128585616	rs35000415	1.86E-45	1.50E-12	0.827
128383768	rs35105361	0.0227114	0.570885983	0.006
128721777	rs35144535	1.86E-29	5.97E-06	0.403
128732786	rs35163364	6.08E-08	0.064651295	0.048
128514543	rs35168289	0.390114	0.379656285	0.002
128683539	rs35188261	2.11E-44	3.17E-12	0.827
128817443	rs35223628	0.49828	0.666270117	0.001
128648953	rs35234849	3.64E-45	6.88E-13	0.827
128475831	rs35279564	0.804003	0.720563061	0
128807732	rs35331287	0.0884877	0.905769046	0.009
128727794	rs35354193	1.39E-25	0.000109504	0.362
128814468	rs35370123	0.475433	0.906757258	0
128818819	rs35377277	0.511247	0.513858452	0.001
128540221	rs35383832	0.589616	0.279547234	0.004
128723194	rs35414340	1.13E-27	3.17E-06	0.403
128792356	rs35423524	0.0186772	0.989394885	0.03
128713630	rs35429892	1.23E-30	1.39E-06	0.403
128817531	rs35438512	0.500739	0.619643429	0.001
128447054	rs35456642	0.211284	0.719761661	0
128749587	rs35475924	0.359378	0.192705612	0.001
128732319	rs35518304	4.89E-26	1.20E-05	0.328
128713658	rs35598937	1.99E-19	0.003574795	0.217
128564825	rs35611012	3.28E-17	0.395619443	0.067
128790491	rs35625644	0.606832	0.896616176	0.007
128727730	rs35789143	1.50E-24	3.63E-05	0.362
128708849	rs35797491	7.84E-05	0.35087232	0.043
128737016	rs35918581	0.143243	0.18450097	0
128572040	rs35939202	1.62E-17	0.202112102	0.066
128792380	rs35952546	0.0186984	0.989095486	0.03
128738262	rs35994853	6.07E-11	0.150686898	0.072
128651522	rs36073657	4.04E-45	6.95E-13	0.827
128866389	rs3734969	0.389219	0.520877521	0
128470838	rs3734972	0.254831	0.822867126	0.001
128484816	rs3734973	0.862149	0.522876078	0.002
128461720	rs3734974	0.230488	0.751458415	0.003
128395641	rs3734977	0.0452576	0.32110787	0.002
128434900	rs3736279	0.163435	0.800495862	0
128509529	rs3736606	0.347872	0.390930961	0.002
128509319	rs3736609	0.528649	0.370272804	0
128509243	rs3736611	0.244523	0.305888227	0
128509048	rs3736614	0.233118	0.299821531	0
128695646	rs3757384	0.0383567	0.409132126	0.013
128577304	rs3757385	3.99E-18	0.090211053	0.116
128576086	rs3757387	1.12E-38	0.001500323	0.113
128576023	rs3757388	6.40E-18	0.109751398	0.116
128617885	rs3778748	0.157184	8.35E-09	0.114
128617811	rs3778749	8.42E-14	0.55539319	0.094
128617089	rs3778750	5.44E-14	0.402754779	0.094
128580047	rs3778752	1.38E-36	0.005026456	0.102
128580042	rs3778753	9.94E-37	0.005752287	0.102
128575552	rs3778754	1.59E-36	0.003098522	0.102
128491942	rs3778758	0.717524	0.568597535	0
128495562	rs3778759	0.155971	0.708885179	0
128396682	rs3778760	0.0455272	0.321174123	0.002
128461094	rs3800560	0.258532	0.81418738	0.001
128487263	rs3800584	0.223796	0.520329964	0
128498791	rs3800585	0.696933	0.575512898	0
128469484	rs3807132	0.194875	0.680399679	0.003
128469760	rs3807133	0.185056	0.677467942	0.003
128577338	rs3807134	1.72E-08	0.014804374	0.007
128577617	rs3807135	8.80E-18	0.090593059	0.116
128683012	rs3807301	0.843504	0.0171233	0.066
128644857	rs3807302	7.65E-14	0.303232127	0.096
128644533	rs3807304	3.17E-08	0.299746451	0.035
128580680	rs3807306	1.97E-30	0.01054395	0.077
128579202	rs3807307	4.19E-36	0.002067433	0.102
128471732	rs3807308	0.603452	0.327478981	0.004
128472138	rs3807309	0.608074	0.471156509	0.006
128491166	rs3816883	0.231296	0.520329964	0
128491603	rs3816884	0.250671	0.520329964	0
128495338	rs3816885	0.244604	0.520329964	0
128619521	rs3817555	0.0400741	0.412029674	0.013
128468881	rs3823480	0.198649	0.687402323	0.003
128469381	rs3823481	0.173372	0.630684214	0.003
128579666	rs3823536	4.98E-36	0.003455062	0.102
128479340	rs3823537	0.885454	0.726529813	0
128492397	rs3823538	0.213752	0.702160033	0
128852853	rs3824	0.110486	0.733629523	0
128595149	rs3847098	0.932834	0.000264668	0.071
128656831	rs3847099	5.03E-14	0.405561457	0.094
128592137	rs3857851	0.0736581	1.05E-12	0.114
128657277	rs3857852	4.63E-14	0.405561457	0.094
128654206	rs3896309	0.0694442	7.37E-13	0.114
128592241	rs3925323	4.43E-14	0.391954523	0.094
128746693	rs3925999	2.42E-08	0.010417923	0.106
128876649	rs3928439	0.00472091	0.387884666	0.019
128635267	rs3958094	0.833661	0.009849305	0.064
128787548	rs3993434	0.125541	0.295762998	0.015
128761837	rs3993436	0.431028	0.188935563	0.007
128399231	rs41274152	0.0421139	0.565387188	0.006
128629993	rs41274158	4.15E-06	0.339450197	0.032
128388059	rs41274224	0.319239	0.434994	0.011
128394808	rs41274227	0.276783	0.431350773	0.011
128564932	rs4268073	1.03E-08	0.316951202	0.051
128391712	rs4270899	0.0465131	0.423489241	0.002
128506970	rs4323418	0.629464	0.317123679	0
128817136	rs4386907	0.410009	0.648959377	0.004
128391434	rs4440553	0.659898	0.883891925	0
128466635	rs4472439	0.21728	0.707745251	0.003
128728754	rs4473954	4.46E-15	0.033908166	0.073
128469362	rs4487676	0.194595	0.681583194	0.003
128382285	rs4509261	0.0332031	0.442966053	0.006
128853575	rs45446391	0.105836	0.76187298	0
128414088	rs45486505	0.0458767	0.320943193	0.002
128401810	rs4559164	0.0435269	0.482130214	0.006
128468105	rs4728138	0.197688	0.693868941	0.003
128558171	rs4728140	0.00366269	0.371037473	0.019
128567032	rs4728141	3.87E-33	0.120670682	0.094
128573967	rs4728142	5.37E-28	0.024568946	0.056
128640334	rs4728144	3.90E-19	0.006892467	0.139
128731560	rs4728148	0.0606217	0.925083	0.026
128731693	rs4728149	0.249828	0.032615778	0.003
128731795	rs4728150	0.00580338	0.251863898	0.03
128732705	rs4728151	0.702071	0.216695976	0.011
128738544	rs4728152	1.57E-07	0.1659145	0.05
128850084	rs4728158	0.132066	0.725929012	0
128857172	rs4728160	0.646454	0.949335481	0.001
128450592	rs4731515	0.264014	0.855127064	0.003
128458649	rs4731517	0.237993	0.980373672	0.003
128530276	rs4731523	0.0274649	0.325170265	0
128557406	rs4731528	0.00476981	0.327253685	0.017
128572766	rs4731532	3.24E-32	0.007474391	0.164
128602142	rs4731533	2.04E-17	0.876565368	0.057
128605594	rs4731534	8.17E-17	0.858116759	0.057
128605967	rs4731535	0.0623384	4.74E-12	0.111
128640293	rs4731536	5.64E-16	0.265883249	0.059
128652339	rs4731538	0.0625293	4.38E-12	0.111
128668250	rs4731540	4.96E-14	0.405561457	0.094
128678236	rs4731541	3.33E-15	0.64150037	0.055
128730606	rs4731542	0.0629595	0.872932391	0.037
128730612	rs4731543	0.0629129	0.873083202	0.037
128732201	rs4731544	0.0331538	0.274725347	0.023
128732262	rs4731545	0.0332605	0.273651435	0.023
128739573	rs4731547	1.48E-07	0.161638429	0.05
128741904	rs4731548	1.64E-10	0.140441616	0.072
128741913	rs4731549	1.64E-10	0.140411797	0.072
128768817	rs4731552	0.285472	0.861668086	0.008
128841524	rs4731561	0.578251	0.753550629	0.003
128842573	rs4731562	0.995726	0.979027723	0.002
128865130	rs4731565	0.286756	0.365343428	0
128580175	rs55643109	0.0219853	0.411106521	0.013
128402711	rs55673058	0.0327836	0.433270358	0.006
128433061	rs55681138	0.282194	0.785172925	0.002
128692260	rs55706405	0.0365688	0.409817753	0.013
128761302	rs55787825	0.03821	0.041097139	0.006
128697857	rs55807509	8.15E-07	0.002748604	0.218
128749787	rs55824196	0.100975	0.0926818	0.003
128724423	rs55839334	0.156577	0.048280879	0.003
128433809	rs55840720	0.204831	0.904946912	0.002
128431186	rs55867152	0.22054	0.932823005	0.001
128654030	rs55900917	0.0396013	0.412029674	0.013
128543117	rs55902134	0.5093	0.274947876	0.004
128685463	rs55906661	0.0395071	0.411787651	0.013
128477620	rs55907818	0.840144	0.72641687	0
128549912	rs55908117	0.876916	0.384921331	0.003
128829694	rs55943687	0.611089	0.181872701	0.001
128822966	rs55976016	0.37081	0.265260877	0.001
128722790	rs56001581	0.216252	0.039920595	0.005
128402773	rs56014198	0.0327992	0.433270358	0.006
128737958	rs56088330	7.34E-11	0.160949367	0.072
128392856	rs56122380	0.319634	0.429560275	0.012
128726468	rs56126947	0.218213	0.041275015	0.005
128544133	rs56144153	0.503645	0.271568043	0.004
128758725	rs56145866	0.0424149	0.041081372	0.006
128736596	rs56155376	0.228352	0.045815461	0.004
128383586	rs56184882	0.0269475	0.492886041	0.006
128453851	rs56216811	0.345968	0.842051101	0.002
128439166	rs56311528	0.204282	0.869170322	0.003
128590733	rs56321638	0.0398236	0.40560928	0.013
128545467	rs56332811	0.657126	0.297947388	0.004
128770045	rs56336560	0.567515	0.264282984	0.001
128724019	rs56340663	0.246752	0.042184687	0.005
128398156	rs56341100	0.322592	0.411468322	0.012
128590488	rs56351500	0.0405337	0.412029674	0.013
128726884	rs56357552	0.282395	0.166015421	0.032
128460745	rs56377531	0.226835	0.977057527	0.003
128443304	rs56775139	0.444433	0.829166139	0.002
128757650	rs56797488	0.0918392	0.881846711	0.009
128792128	rs56953963	0.0396316	0.955607448	0.009
128435596	rs57072537	0.178998	0.868929042	0.002
128757569	rs57093257	0.0919332	0.881343285	0.009
128465646	rs57573379	0.204871	0.725352371	0.003
128508681	rs57854065	0.718717	0.85239053	0.013
128720824	rs57989815	0.233486	0.040269197	0.004
128433600	rs58044348	0.264681	0.918524873	0
128462843	rs58320939	0.228351	0.744890457	0.003
128761775	rs58412690	0.431509	0.188648638	0.007
128792143	rs58496468	0.0186552	0.992202944	0.03
128437731	rs58518485	0.210956	0.869729518	0.002
128735048	rs58527765	0.989563	0.943000253	0.004
128433690	rs58691638	0.131045	0.714731351	0
128462847	rs58845495	0.261063	0.815266023	0.001
128716007	rs59110799	8.19E-31	1.46E-06	0.403
128672915	rs59147352	0.180824	1.97E-10	0.102
128460756	rs59197085	0.258397	0.813650482	0.001
128732622	rs59526485	0.308504	0.262722076	0.004
128755935	rs59891781	0.381257	0.025175466	0.002
128786618	rs60107606	0.130092	0.466629269	0.009
128600869	rs60239254	0.0699205	7.37E-13	0.114
128462976	rs60252851	0.21114	0.679904546	0
128465450	rs60324735	0.216878	0.718404238	0.003
128437514	rs60384027	0.217588	0.869729518	0.002
128452556	rs60389668	0.222085	0.979906526	0.003
128760428	rs60485872	0.000191575	0.006376669	0.04
128549328	rs60591364	0.48152	0.28686011	0.006
128508679	rs60653559	0.718709	0.85239053	0.013
128751838	rs60699956	0.406099	0.026693565	0.002
128737399	rs60811897	0.275797	0.03282482	0.002
128430437	rs60871386	0.260581	0.827788934	0.002
128465755	rs60894155	0.219594	0.716256221	0.003
128442897	rs61012549	0.19235	0.901395776	0.003
128501241	rs61033955	0.9015	0.628393835	0.01
128492557	rs61044960	0.252784	0.520329964	0
128492558	rs61191534	0.253434	0.520329964	0
128818127	rs61382909	0.489008	0.523596672	0.001
128767250	rs61740497	0.251058	0.056940862	0.002
128599933	rs62478580	1.38E-14	0.457712198	0.094
128684316	rs62478615	4.08E-45	6.88E-13	0.827
128758137	rs62478648	0.395167	0.184711877	0.001
128759503	rs62478649	0.399261	0.19414052	0.001
128507492	rs62478852	0.000592971	0.638250214	0.005
128380579	rs62479563	0.0974995	0.379120964	0.002
128403795	rs62479585	0.0329744	0.43316587	0.006
128405229	rs62479587	0.0332722	0.433112216	0.006
128405521	rs62479588	0.0333176	0.433112216	0.006
128406506	rs62479589	0.0377344	0.252486856	0.002
128406813	rs62479590	0.0425069	0.321171848	0.002
128419388	rs62479597	0.0014356	0.102035567	0.004
128424406	rs62479598	0.0037843	0.633394086	0.002
128433165	rs62479601	0.157283	0.759409675	0.006
128433964	rs62479604	0.128681	0.776665268	0
128443492	rs62479609	0.248805	0.869410034	0.003
128454202	rs62479612	0.224652	0.980067247	0.003
128463864	rs62479619	0.221232	0.734050863	0.003
128463971	rs62479620	0.224868	0.733546732	0.003
128465246	rs62479621	0.221086	0.72106983	0.003
128837294	rs62480578	0.750613	0.964613609	0.004
128541726	rs62481971	0.487658	0.28309269	0.004
128416008	rs62617076	0.45314	0.449064963	0.005
128545728	rs6467216	0.53048	0.226835286	0.005
128548954	rs6467218	0.500976	0.280712405	0.006
128674419	rs6467222	3.30E-16	0.250510412	0.057
128674666	rs6467223	2.28E-13	0.394100413	0.094
128688456	rs6467224	3.44E-13	0.85061301	0.092
128710287	rs6467225	9.48E-08	0.31115077	0.036
128736327	rs6467227	0.879009	0.028385173	0
128740760	rs6467228	1.02E-10	0.144345881	0.072
128740913	rs6467229	1.04E-10	0.143828988	0.072
128746005	rs6467230	0.877527	0.986909297	0.003
128767969	rs6467231	0.0747842	0.96174313	0.004
128868656	rs6467233	0.0177312	0.561302639	0.01
128438284	rs66520020	0.540934	0.741471545	0.002
128720295	rs66540114	3.33E-30	3.34E-06	0.403
128567535	rs66720828	2.18E-17	0.264878182	0.069
128722172	rs66872377	3.11E-29	6.08E-06	0.403
128871006	rs66970518	0.0177352	0.558617398	0.01
128666995	rs67123975	0.0675161	7.37E-13	0.114
128520757	rs67147448	0.635076	0.733185647	0.002
128504788	rs67476247	0.769604	0.345864581	0
128822685	rs67676491	0.574375	0.510014825	0.001
128417326	rs67738450	0.318099	0.264640004	0.01
128862327	rs67853067	0.0182308	0.675038322	0.01
128822323	rs67974015	0.736465	0.427083419	0.001
128619661	rs6946318	0.0741264	7.40E-13	0.114
128823846	rs6946734	0.876557	0.198265991	0.001
128547512	rs6948542	0.491442	0.266987646	0.005
128602158	rs6948875	0.0869029	2.96E-12	0.114
128623097	rs6948928	3.88E-14	0.404968763	0.094
128798982	rs6949275	0.0514341	0.934948895	0.03
128799146	rs6949483	0.0180177	0.940724029	0.03
128769369	rs6950176	0.288174	0.866385019	0.008
128565661	rs6950728	2.77E-17	0.354800804	0.069
128560035	rs6951243	1.26E-05	0.622873455	0.018
128766553	rs6952077	0.6208	0.516197582	0.008
128731085	rs6953139	0.164404	0.39539488	0.026
128578210	rs6953165	0.0372903	0.400169144	0.011
128731316	rs6953497	0.0792598	0.978996414	0.027
128731371	rs6953648	0.0448371	0.962628092	0.028
128731188	rs6953731	0.0791116	0.701730582	0.026
128731391	rs6953800	0.0447711	0.962320759	0.028
128608760	rs6953869	0.0724196	7.37E-13	0.114
128731387	rs6954102	0.042692	0.962538012	0.028
128389867	rs6954433	0.0435883	0.321197641	0.002
128390077	rs6954748	0.0434255	0.321197641	0.002
128557370	rs6955705	0.357504	0.471597867	0
128543678	rs6955736	0.395981	0.285489989	0.005
128605460	rs6957529	0.0430117	0.035477877	0.015
128725550	rs6959557	3.03E-14	0.014185492	0.063
128725689	rs6959820	5.46E-14	0.011958619	0.063
128725722	rs6959965	4.91E-14	0.013864886	0.063
128692657	rs6960994	1.27E-08	0.243620141	0.012
128692710	rs6961014	5.58E-08	0.336710589	0.011
128768408	rs6962751	0.34088	0.837381606	0.008
128726026	rs6964194	5.44E-14	0.013428877	0.063
128655918	rs6965542	3.03E-16	0.250510412	0.057
128598525	rs6966125	8.71E-08	0.275663417	0.035
128380139	rs6967300	0.226225	0.711041524	0
128577731	rs6968563	0.0165986	0.413165581	0.011
128630313	rs6969930	7.45E-16	0.17093633	0.059
128840187	rs6969992	0.877548	0.826956326	0
128511024	rs6970221	0.725269	0.390646302	0
128748534	rs6970371	0.662428	0.32009549	0.002
128559928	rs6970780	9.07E-05	0.761594769	0.018
128782249	rs6971037	0.231155	0.37920286	0
128539728	rs6972002	0.691797	0.272804191	0.004
128745759	rs6972389	0.620809	0.352159425	0.002
128740443	rs6973520	1.29E-09	0.02275834	0.065
128731327	rs6973571	0.0583578	0.952366717	0.027
128675549	rs6973975	6.72E-14	0.303232127	0.096
128675657	rs6974262	0.0726148	5.35E-12	0.111
128545060	rs6974779	0.399155	0.282593796	0.005
128545143	rs6975246	0.393957	0.282396795	0.005
128718027	rs6976410	1.99E-19	0.003853778	0.217
128806057	rs6976529	0.076485	0.880197402	0.023
128665542	rs71581958	3.98E-45	6.88E-13	0.827
128717169	rs71581967	2.98E-29	2.02E-06	0.381
128722237	rs71581969	3.40E-29	6.11E-06	0.403
128723327	rs71581970	4.17E-18	0.013935499	0.209
128723334	rs71581972	1.12E-17	0.009046158	0.201
128736841	rs71581979	0.164511	0.184246857	0
128797426	rs71583808	0.0408825	0.941696797	0.009
128804193	rs71583815	0.0948519	0.875751577	0.005
128804474	rs71583817	0.0949462	0.877037768	0.005
128811083	rs71583819	0.421736	0.824777049	0
128817568	rs71583821	0.499616	0.66609114	0.001
128788002	rs719335	0.0286483	0.550302803	0.037
128787714	rs719336	0.0597262	0.571583728	0.015
128762096	rs724348	0.103027	0.085850488	0.002
128428986	rs72607754	0.896514	0.83241964	0
128485723	rs72607756	0.214936	0.520329964	0
128487573	rs72607757	0.225276	0.520329964	0
128569561	rs729068	3.95E-16	0.197789638	0.066
128568960	rs729302	3.01E-17	0.190601284	0.069
128730740	rs730797	0.0626506	0.876141116	0.026
128730535	rs730798	0.0631779	0.871071882	0.037
128462273	rs730931	0.230189	0.75067441	0.003
128675853	rs73228755	0.918321	0.00051599	0.069
128685254	rs73228760	0.931339	0.019125664	0.064
128698815	rs73228764	3.04E-06	0.337405331	0.034
128699523	rs73228765	3.05E-06	0.337267434	0.034
128744495	rs73228790	4.79E-07	0.658556341	0.07
128861366	rs73230593	0.00386474	0.414268943	0.012
128381816	rs73236092	0.443094	0.244644881	0.005
128387201	rs73236094	0.276357	0.439825859	0.011
128390903	rs73236098	0.27578	0.433574146	0.011
128395775	rs73236099	0.464013	0.414348682	0.005
128396011	rs73236100	0.46414	0.414367172	0.005
128397920	rs73236101	0.465338	0.413964894	0.005
128414047	rs73238105	0.468888	0.404743164	0.005
128414195	rs73238106	0.26705	0.394544504	0.011
128414335	rs73238109	0.337	0.391858891	0.011
128417114	rs73238110	0.33712	0.265713584	0.01
128418933	rs73238111	0.401326	0.289847859	0.003
128432108	rs73238120	0.223797	0.862620923	0.002
128433977	rs73238122	0.141824	0.77467087	0
128469917	rs73238147	0.108345	0.567622128	0
128481915	rs73238153	0.00131546	0.652427613	0.004
128567968	rs73238196	2.17E-17	0.258217396	0.069
128654656	rs73240324	0.831756	0.012949748	0.066
128666956	rs73240327	0.183764	4.26E-11	0.105
128701916	rs73465029	1.13E-06	0.493392491	0.038
128738568	rs73467261	0.291816	0.033447178	0.002
128745687	rs73467288	0.0496695	0.041583795	0.006
128817935	rs73475683	0.541814	0.256240225	0.001
128831055	rs73475695	0.628423	0.203446276	0.001
128831620	rs73475697	0.683018	0.188661721	0.001
128830838	rs73721526	0.627289	0.203305454	0.001
128742174	rs73723910	0.343014	0.034890049	0.002
128578483	rs74317073	0.0197842	0.4111843	0.011
128875997	rs74412475	0.721317	0.434227282	0.002
128673892	rs74494428	0.0441616	0.025395598	0.015
128601772	rs74542576	0.0414226	0.412029674	0.013
128702426	rs7455711	7.98E-08	1.99E-05	0.233
128599823	rs74573030	0.0466963	0.035477877	0.015
128748326	rs74682171	1.27E-08	0.011089352	0.106
128793269	rs74778194	0.109763	0.605146357	0.01
128488800	rs74811088	0.961821	0.797362753	0.013
128569930	rs74883380	0.00770819	0.402104975	0.011
128747708	rs74904997	1.26E-08	0.011070343	0.106
128751444	rs74942545	1.50E-08	0.009967787	0.106
128647394	rs74973211	0.0396508	0.412029674	0.013
128658957	rs74983746	0.0507595	0.023264757	0.015
128491773	rs75012400	0.964282	0.813427682	0.013
128680432	rs75230752	0.049516	0.013381967	0.015
128484564	rs75234599	0.999459	0.774703908	0.013
128579420	rs752637	4.27E-18	0.090211053	0.116
128689077	rs75279435	0.027192	0.475208233	0.013
128588475	rs75282194	0.0396881	0.412078939	0.013
128572180	rs754281	6.33E-07	0.154309376	0.036
128580426	rs75434450	0.0239296	0.411080768	0.013
128646300	rs75437801	0.039666	0.412029674	0.013
128668952	rs75456523	0.0400181	0.416056473	0.013
128468412	rs754920	0.213274	0.691895677	0.003
128468533	rs754921	0.429242	0.594062409	0.002
128798368	rs75593001	0.17457	0.660669649	0.01
128550577	rs75709678	0.538455	0.357722862	0.005
128753688	rs75742411	1.33E-08	0.011205789	0.106
128486446	rs75770585	0.175278	0.710316174	0
128480666	rs76046880	0.928777	0.754576192	0.013
128614558	rs76066956	7.84E-06	0.555956054	0.03
128705040	rs76076677	0.038321	0.402930197	0.013
128853676	rs76198027	0.130251	0.755682225	0
128702110	rs76344592	0.0381904	0.404374335	0.013
128681072	rs76408499	0.041068	0.412029674	0.013
128574466	rs76575414	0.0136302	0.411865479	0.011
128602191	rs76576038	0.0468047	0.035477877	0.015
128690164	rs76696583	0.0477502	0.013236801	0.016
128774720	rs76768008	0.107369	0.081886537	0.001
128492527	rs76972396	0.165182	0.701429057	0
128715674	rs76979090	2.86E-26	0.000222246	0.381
128479065	rs76988227	0.944576	0.65522317	0.013
128569099	rs77065770	0.00765643	0.401300255	0.011
128392321	rs77068855	0.0500982	0.372020629	0.002
128757300	rs77159569	1.48E-08	0.011217958	0.106
128584130	rs77264666	0.0919032	0.029571899	0.015
128591409	rs77416878	0.0474495	0.035417847	0.015
128754263	rs77475254	0.167672	0.23606735	0.007
128721797	rs77508372	1.91E-29	5.97E-06	0.403
128509714	rs77605558	0.615719	0.698999287	0
128677292	rs77607989	0.0496071	0.013381889	0.015
128773064	rs77712382	0.108681	0.077979332	0.001
128662217	rs7776477	0.0680193	7.90E-13	0.114
128819525	rs7776554	0.51741	0.513728134	0.001
128742164	rs7779637	1.83E-10	0.140411797	0.072
128742221	rs7779671	1.98E-09	0.022657647	0.065
128742208	rs7779782	1.83E-10	0.140584265	0.072
128519162	rs7780972	0.923447	0.723721158	0.013
128396330	rs77825241	0.464328	0.414214188	0.005
128681297	rs7783384	3.95E-15	0.957694768	0.055
128711699	rs7783840	0.000392104	0.589520951	0.052
128674478	rs7784015	0.0387131	1.49E-11	0.116
128748801	rs7784519	0.386658	0.195443717	0.001
128523299	rs7784538	0.527152	0.397173829	0
128523503	rs7784859	0.790214	0.613266631	0
128520291	rs7786074	0.971428	0.775845357	0
128548463	rs7786945	0.44776	0.259215181	0.006
128477865	rs7787924	0.149825	0.815359092	0
128749475	rs7788966	0.000112635	0.007474214	0.038
128621204	rs7789423	3.28E-14	0.404712278	0.094
128737274	rs7790824	3.01E-07	0.141735163	0.05
128732013	rs7791525	7.17E-08	0.047902412	0.064
128549568	rs7792282	0.442274	0.213549079	0.007
128662511	rs7793851	0.0687322	7.24E-13	0.114
128741451	rs7794163	0.297074	0.19951561	0.001
128710210	rs7794772	0.104108	0.040032271	0.006
128819095	rs7795054	0.51373	0.513565474	0.001
128379209	rs7795071	0.246776	0.711043602	0
128710460	rs7795214	0.103209	0.040020524	0.006
128738482	rs7795876	6.14E-11	0.155159429	0.072
128746881	rs7796893	0.874071	0.28104112	0.002
128515846	rs7797420	0.644107	0.662983176	0.013
128804041	rs7798321	0.0463938	0.878160143	0.023
128450532	rs7799186	0.460737	0.862371882	0.006
128501831	rs7799329	0.867123	0.616685407	0.01
128738941	rs7799991	5.77E-11	0.154529587	0.072
128738950	rs7799998	5.78E-11	0.154488297	0.072
128593719	rs7800687	4.79E-14	0.411123542	0.094
128704453	rs7800715	0.889128	0.018987769	0.066
128523068	rs7801473	0.753513	0.913729728	0.003
128573994	rs7801838	2.53E-18	0.136783214	0.061
128703350	rs7805352	1.22E-06	0.165589692	0.037
128739073	rs78053700	0.070418	0.069253936	0.004
128640188	rs7807018	5.04E-16	0.265883249	0.059
128482835	rs78086167	0.991234	0.765639782	0.013
128570238	rs7808659	5.65E-17	0.105011289	0.066
128584084	rs7808907	3.37E-19	0.023393407	0.094
128767490	rs7809681	0.074719	0.961223525	0.004
128767506	rs7809687	0.0747298	0.958756986	0.004
128741211	rs7810529	0.29544	0.197680039	0.001
128819396	rs7812232	0.496309	0.44859965	0.001
128774590	rs78264885	0.115852	0.081364196	0.001
128738502	rs78366570	6.85E-13	0.003747092	0.149
128581883	rs78658945	8.30E-06	0.537262544	0.03
128825235	rs78721167	0.711347	0.226986097	0.001
128739719	rs78987170	0.134212	0.188010043	0
128750623	rs79129415	0.672622	0.901660727	0
128680362	rs79260940	0.0495137	0.013381967	0.015
128582658	rs79288514	0.0904388	0.028648174	0.015
128759244	rs79680150	0.0909701	0.100633152	0.002
128681106	rs79772075	0.0410695	0.412029674	0.013
128491497	rs79790270	0.963949	0.811606859	0.013
128383555	rs79829700	0.490097	0.190422267	0.002
128688590	rs79890422	0.0373616	0.420436807	0.013
128756455	rs79913611	0.00250852	0.052307179	0.028
128754241	rs79978234	0.104713	0.098693209	0.003
128679133	rs80049896	0.0411947	0.412029674	0.013
128711874	rs80086012	3.65E-41	3.87E-11	0.827
128593092	rs80159318	0.0462759	0.03545781	0.015
128855125	rs80213676	0.674948	0.566914876	0.003
128607384	rs8043	0.0727292	7.37E-13	0.114
128411422	rs8597	0.469248	0.398453798	0.005
128866616	rs891545	0.0154485	0.939486285	0.027
128743075	rs896151	0.365497	0.192255039	0.001
128500025	rs902841	0.962265	0.648980487	0.01
128500139	rs902842	0.822974	0.699288571	0.008
128802936	rs919551	0.0482195	0.881085575	0.023
128676724	rs921403	9.87E-14	0.296110742	0.096
128560761	rs960633	0.000123887	0.845125057	0.018
128853057	rs9607	0.1316	0.439560294	0.007
128875612	rs963465	0.015931	0.997344382	0.027
128507502	rs9640852	0.995177	0.485867339	0.004
128873679	rs9641846	0.0156205	0.998242934	0.027
128672645	rs9649520	0.0689459	7.37E-13	0.114
128673150	rs9649521	0.0697628	7.37E-13	0.114
128710858	rs9649523	6.90E-07	6.75E-06	0.253
128800696	rs9649524	0.0228524	0.919058331	0.023
128521072	rs9655870	0.943724	0.762767358	0
128521240	rs9656375	0.731907	0.780015694	0.001
128431295	rs9690481	0.302106	0.997778375	0.003
128431363	rs9692404	0.191055	0.715171849	0.003
128440185	rs9791702	0.237304	0.912191638	0.003
128744606	rs9800926	0.422108	0.034175309	0.002
