bp	snp	gwas_p	eqtl_p	r2
128389554	rs1006023	0.0379818	0.623116645	0.008
128389559	rs1006024	0.0409829	0.632732833	0.008
128558502	rs10081379	0.00466354	0.688324288	0.005
128684571	rs10156169	6.94E-13	8.58E-43	0.697
128789583	rs10215952	0.0210313	0.562505165	0
128789588	rs10215953	0.0165248	0.60084786	0
128789884	rs10216028	0.157779	0.494507814	0.003
128744709	rs10225866	1.25E-05	0.262986601	0
128599397	rs10229001	3.53E-16	6.21E-81	1
128597587	rs10236569	4.39E-14	9.28E-46	0.732
128668510	rs10239340	4.16E-16	5.34E-81	1
128767410	rs10247566	0.0746663	0.106406634	0.008
128742649	rs10254963	2.00E-10	0.000309211	0.002
128817031	rs10256669	0.360723	0.037978386	0
128817187	rs10256888	0.363259	0.037838195	0
128752860	rs10262147	5.86E-06	0.102509149	0
128735579	rs10269317	0.688462	0.153288875	0.015
128735690	rs10269439	0.985057	0.025645936	0.005
128683547	rs10279821	8.80E-13	8.58E-43	0.697
128558689	rs10280295	0.00220489	0.516122881	0.005
128409225	rs1043550	0.0301483	0.89601606	0.035
128410012	rs1043595	0.584249	0.198429768	0.023
128411620	rs1044226	0.0453136	0.61822857	0.012
128766165	rs10464694	0.284774	0.299558968	0.025
128766528	rs10464697	0.53337	0.392866995	0.025
128769030	rs10464703	0.29603	0.334508653	0.025
128593948	rs10488630	0.943582	1.75E-27	0.397
128594183	rs10488631	9.40E-45	0.45415548	0.106
128853123	rs1061280	0.139401	0.23164859	0
128853308	rs1061285	0.109901	0.23000656	0
128673205	rs1072767	4.60E-14	5.40E-48	0.732
128742951	rs1077481	2.64E-10	0.000310579	0.002
128743071	rs1077482	2.20E-10	0.000311207	0.002
128743124	rs1077483	0.131124	0.336225337	0
128521431	rs10954211	0.197738	0.102618285	0.02
128589427	rs10954213	2.77E-16	3.13E-79	1
128589633	rs10954214	4.56E-14	2.13E-47	0.732
128645513	rs10954215	3.24E-16	5.34E-81	1
128746313	rs10954217	0.526077	0.260693485	0.003
128748785	rs10954218	0.664805	0.275715492	0.001
128795384	rs10954222	0.0195619	0.225589789	0.001
128393950	rs109829	0.0339585	0.558400323	0.002
128508011	rs1109781	0.00203917	0.004230183	0.048
128572399	rs111236877	0.0181147	0.00031522	0.081
128386846	rs111265944	0.0403839	0.617677099	0.012
128501734	rs111525351	0.716353	0.449837216	0.002
128671101	rs111637762	0.833817	1.90E-19	0.361
128704463	rs111666147	3.09E-07	2.33E-12	0.198
128725386	rs111720106	0.202915	0.177614898	0.04
128732414	rs111764833	0.139722	0.277507865	0.035
128524190	rs111838117	0.820885	0.251069222	0.004
128482806	rs111958241	0.847998	0.303684207	0.004
128747144	rs112020498	0.0670171	0.344870592	0.018
128501559	rs112104786	0.945096	0.268018169	0.004
128601764	rs112659365	0.00116307	5.51E-05	0.036
128686929	rs112868952	0.0517816	7.33E-06	0.085
128501959	rs112947324	0.487311	0.259136707	0.004
128755229	rs112984431	0.0922349	0.264199462	0.026
128523297	rs113033809	0.565288	0.01232489	0
128652306	rs113045281	0.000915259	4.95E-06	0.036
128467381	rs113065509	0.675625	0.65789652	0.008
128738923	rs113253472	5.79E-13	0.019595419	0.01
128744633	rs113450807	6.72E-09	0.131732172	0
128402782	rs113520408	0.548992	0.197242744	0.023
128508027	rs113593618	0.841877	0.260148113	0.004
128759961	rs113632320	0.0908759	0.174333829	0.026
128711547	rs113708239	3.55E-36	0.225803387	0.077
128823270	rs113716540	0.611506	0.00406228	0.008
128506470	rs113752302	0.985176	0.26183205	0.004
128720447	rs113893409	0.213035	0.129655253	0.04
128718178	rs113945951	2.17E-29	0.047853702	0.052
128496399	rs113982458	0.968086	0.275017365	0.004
128612552	rs11538884	0.0389609	0.000320799	0.096
128630227	rs1154329	8.28E-06	5.98E-17	0.252
128625788	rs1154330	8.26E-06	5.98E-17	0.252
128509207	rs116296846	0.715049	0.248318889	0.004
128409580	rs11653	0.0336053	0.988085154	0.035
128737892	rs116956139	2.32E-14	0.229533827	0.022
128737893	rs117236301	1.58E-15	0.230811561	0.022
128793722	rs117388928	0.0207164	0.067509309	0.001
128698186	rs117473643	1.58E-44	0.454668506	0.106
128656120	rs11760442	4.97E-14	7.51E-48	0.732
128392743	rs11760505	0.0466296	0.69602819	0.012
128581835	rs11761199	1.22E-30	4.46E-23	0.576
128670964	rs11762968	0.0739284	1.65E-56	0.627
128397327	rs11763672	0.0450829	0.609965385	0.012
128637994	rs11763684	1.28E-15	8.61E-78	1
128641906	rs11763959	0.112504	1.91E-39	0.589
128862578	rs11764644	0.00246756	0.23762798	0.004
128643240	rs11765050	0.0663838	8.03E-55	0.627
128520881	rs117652666	0.353888	0.002311815	0
128405013	rs11766175	0.0332218	0.988125318	0.035
128749948	rs11766182	0.339084	0.025972498	0.022
128686338	rs11767238	0.835417	2.66E-16	0.343
128392843	rs11767254	0.0443656	0.685761243	0.012
128651832	rs11767711	4.79E-16	7.89E-78	0.98
128699679	rs11767954	1.98E-08	6.56E-21	0.452
128645292	rs11768572	0.936249	7.75E-27	0.397
128758015	rs11768874	0.885538	0.035703425	0.019
128841137	rs11768957	0.700142	0.236774657	0
128653202	rs11769533	0.0620488	5.96E-55	0.627
128750026	rs11769857	0.900851	0.013473931	0.022
128629471	rs11770317	0.0580621	4.45E-54	0.627
128589488	rs11770589	0.0743386	2.45E-55	0.64
128730177	rs11770861	0.0469502	0.350742091	0.001
128730083	rs11770889	0.051089	0.344225819	0.001
128730247	rs11770935	0.213721	0.037413442	0.014
128750079	rs11773134	0.000111856	0.963642103	0.002
128638032	rs11773774	0.732987	5.51E-21	0.37
128698185	rs117944677	1.40E-41	0.366436807	0.106
128774205	rs11971071	0.00593363	0.064459868	0.02
128493169	rs11971599	0.219913	0.813683264	0.002
128736849	rs11972310	2.01E-07	0.027282201	0.01
128721471	rs11972719	3.51E-18	0.008468009	0.098
128773770	rs11975493	0.00388177	0.067144431	0.02
128542982	rs11975930	0.397731	0.000428667	0.055
128755618	rs11976770	1.18E-05	0.109344203	0
128691990	rs11976775	5.95E-08	1.25E-18	0.422
128756402	rs11977643	1.04E-05	0.114157721	0
128551363	rs11978560	0.373415	0.000516024	0.048
128756493	rs11981263	0.410771	0.07094519	0.001
128527093	rs11982744	0.739325	0.439160917	0.067
128566754	rs11982901	2.18E-17	0.033701621	0.02
128752568	rs12113040	6.24E-06	0.102192919	0
128658739	rs12155080	1.48E-16	5.34E-81	1
128710988	rs12155244	1.37E-10	2.42E-17	0.348
128383222	rs12530616	0.0674712	0.743611627	0.044
128644251	rs12531054	3.53E-45	0.454296693	0.106
128667412	rs12532542	4.94E-14	5.40E-48	0.732
128382873	rs12533022	0.0245566	0.888316551	0.035
128402032	rs12534064	0.0310431	0.98795225	0.035
128624073	rs12534421	3.18E-45	0.454369124	0.106
128625019	rs12535158	3.17E-45	0.454369124	0.106
128611035	rs12536266	3.51E-45	0.45415548	0.106
128717523	rs12536672	4.61E-30	0.028126068	0.062
128717740	rs12536719	9.65E-31	0.027982989	0.062
128381058	rs12536800	0.940626	0.294419989	0.027
128717965	rs12537264	3.28E-29	0.05129635	0.052
128717906	rs12537284	9.84E-31	0.028036039	0.062
128712868	rs12537496	1.46E-17	0.095669684	0.027
128388541	rs12538139	0.0398376	0.610127747	0.012
128386272	rs12539363	0.0397442	0.616824582	0.008
128657483	rs12539476	3.81E-45	0.45415548	0.106
128390782	rs12539716	0.0462073	0.695980796	0.012
128596805	rs12539741	3.96E-45	0.45415548	0.106
128722800	rs12540468	2.21E-18	0.00559042	0.103
128790847	rs12666384	0.0189561	0.433922171	0.001
128790796	rs12668381	0.0161227	0.288536164	0
128730951	rs12668956	0.114456	0.196451573	0.01
128746301	rs12669653	0.400569	9.14E-06	0.018
128625289	rs12669885	0.00475471	0.0001959	0.096
128634360	rs12672081	0.0314855	0.000320799	0.096
128736219	rs12673075	0.267709	7.16E-06	0.018
128790946	rs12673144	0.0150779	0.257332351	0.001
128790994	rs12673188	0.0150731	0.255967939	0.001
128590921	rs12673511	0.0409706	0.000320799	0.096
128521437	rs12673737	0.967224	0.334363731	0.076
128715679	rs12674059	4.40E-13	0.000194691	0.068
128570026	rs12706860	2.26E-18	0.086961103	0.012
128616582	rs12706861	3.27E-45	0.454362183	0.106
128725325	rs12706862	5.54E-14	0.095115214	0.048
128844402	rs12706866	0.369367	0.650412574	0.002
128418013	rs1318256	0.000911263	0.221376583	0.058
128756526	rs13221067	0.0431113	0.067579481	0.027
128816655	rs13221269	0.34782	0.039078171	0
128663175	rs13221560	8.74E-14	1.67E-46	0.713
128716525	rs13222044	8.59E-31	0.027995231	0.062
128735744	rs13222807	1.03E-13	0.324546435	0
128738964	rs13222837	5.79E-11	0.000213044	0.002
128711228	rs13222967	0.00029515	3.66E-11	0.13
128769100	rs13223118	0.0153953	0.067905038	0.02
128751955	rs13225556	0.955414	0.254771528	0.006
128504529	rs13225751	0.802513	0.013478164	0.078
128736014	rs13225818	1.41E-13	0.323831154	0
128504575	rs13226115	0.769689	0.013351692	0.078
128739949	rs13226546	3.03E-10	0.00169603	0.002
128643297	rs13227075	3.52E-45	0.454296693	0.106
128723943	rs13227095	1.60E-17	0.010286354	0.098
128740355	rs13227214	1.08E-10	0.000251452	0.002
128490553	rs13227216	0.851094	0.10562117	0.067
128754323	rs13227498	0.686655	0.280472303	0.001
128714843	rs13229034	7.34E-31	0.027947686	0.062
128499860	rs13230127	0.238602	0.43334768	0.04
128715299	rs13232316	7.66E-31	0.02801631	0.062
128816601	rs13235352	0.468512	0.037637678	0
128795773	rs13235509	0.021077	0.379054587	0.001
128759908	rs13235698	0.0397777	0.06768956	0.027
128663173	rs13236009	5.96E-45	0.454874275	0.106
128572482	rs13237475	1.49E-17	0.02671172	0.035
128720433	rs13237546	3.86E-30	0.025971887	0.062
128862391	rs13238161	0.469664	0.567437152	0
128647942	rs13238352	2.33E-45	0.447148071	0.106
128516470	rs13238831	0.228141	0.00735229	0.072
128695983	rs13239597	1.19E-44	0.45415548	0.106
128727843	rs13239703	0.00196533	0.010211557	0.048
128791160	rs13239893	0.018469	0.253838571	0.001
128821778	rs13240451	0.572352	0.053862539	0.001
128731777	rs13240595	4.18E-26	0.023675962	0.043
128714746	rs13241591	1.07E-30	0.02849107	0.062
128708939	rs13242075	5.36E-44	0.61536792	0.057
128591364	rs13242262	2.88E-16	2.64E-80	1
128785008	rs13243618	0.0990937	0.572189947	0.004
128725297	rs13244090	4.74E-14	0.093617371	0.048
128567810	rs13245639	2.14E-17	0.038049955	0.02
128701331	rs13246321	3.66E-44	0.45415548	0.106
128756270	rs13247794	0.0463852	0.067538025	0.027
128652145	rs139623125	0.0390866	0.000306642	0.096
128386356	rs141023521	0.508325	0.561973987	0
128656246	rs142584143	0.0395843	0.000320799	0.096
128671110	rs142681586	0.0400462	0.000320799	0.096
128576573	rs142866741	0.0172145	0.000315759	0.081
128523082	rs143202507	0.82328	0.253431775	0.004
128732777	rs143708303	0.274555	0.100122718	0.008
128755017	rs1450876	0.67013	0.257341451	0.001
128674681	rs145696656	0.0396679	0.000319289	0.096
128503543	rs1472147	0.864112	0.015272366	0.078
128702410	rs1476193	2.14E-08	1.31E-20	0.434
128718170	rs148435172	0.202029	0.105994473	0.04
128651541	rs148715708	0.0396217	0.000320799	0.096
128551740	rs1495461	0.00279275	0.000143008	0.112
128516945	rs1532222	0.203358	0.00528045	0.053
128746316	rs1545445	1.23E-08	0.129791015	0
128449387	rs1565628	0.149651	0.027228313	0.045
128445370	rs1565629	0.166796	0.171693474	0.082
128445266	rs1565630	0.44826	0.190566152	0.097
128759073	rs1594423	0.360656	1.29E-05	0.018
128759091	rs1594424	0.263919	4.14E-06	0.018
128651000	rs1597552	0.0675537	1.49E-56	0.64
128550030	rs1609544	0.504545	0.000312361	0.048
128550894	rs1609545	0.555315	0.001094602	0.053
128419678	rs1668419	0.152636	0.747183187	0.038
128421782	rs1688931	0.000569939	0.189194993	0.048
128421135	rs1688932	0.000590361	0.200490604	0.053
128419880	rs1688934	0.00584598	0.15924743	0.068
128442479	rs17165121	0.138081	0.170268042	0.074
128451004	rs17165191	0.156946	0.12012937	0.082
128451741	rs17165198	0.16071	0.162536577	0.082
128453626	rs17165226	0.237319	0.367975512	0.048
128466576	rs17165357	0.694479	0.656210061	0.008
128597804	rs17166351	0.0615844	1.46E-56	0.64
128797622	rs17167754	0.0550134	0.222351034	0
128871713	rs17168214	0.499459	0.345643673	0
128618559	rs17338998	3.24E-45	0.454291518	0.106
128625914	rs17339221	2.45E-06	5.34E-17	0.252
128681062	rs17339836	8.56E-45	0.485855465	0.106
128708797	rs17340351	5.10E-44	0.61685042	0.057
128720045	rs17340542	2.56E-30	0.02591638	0.062
128722514	rs17340646	3.58E-18	0.005667552	0.098
128384605	rs17396823	0.0228955	0.89517154	0.035
128414484	rs17397588	0.0459682	0.619391664	0.012
128657995	rs17424179	0.201891	0.002669206	0.063
128687940	rs17424602	4.40E-45	0.45415548	0.106
128708122	rs17424921	3.82E-44	0.619273076	0.057
128721724	rs17425212	8.58E-28	0.050682855	0.052
128755306	rs17425565	0.372344	0.067439013	0.001
128407169	rs17475638	0.00223875	0.716024975	0.004
128408313	rs17475665	0.0351777	0.988442121	0.035
128415290	rs17476081	0.043156	0.573446781	0.012
128415195	rs1799922	0.0266376	0.980440657	0.039
128390206	rs184703706	0.40824	0.509657152	0
128412982	rs1868774	0.0456064	0.618661188	0.012
128585376	rs1874327	3.67E-14	6.69E-47	0.717
128585104	rs1874328	0.443635	8.95E-29	0.417
128575224	rs1874330	1.05E-07	1.95E-12	0.254
128614613	rs1874332	0.063499	5.94E-55	0.627
128709789	rs1901198	0.001267	8.60E-32	0.35
128804780	rs1971767	0.0437381	0.236707776	0.002
128545855	rs1976297	0.639697	0.000249142	0.055
128758080	rs1987448	0.402281	0.071600673	0.001
128789127	rs1991646	0.0273497	0.638804807	0
128472981	rs1994765	0.905155	0.30406398	0.037
128745069	rs2003202	2.11E-08	0.06194376	0
128578301	rs2004640	2.90E-31	4.17E-14	0.404
128744981	rs2013044	8.42E-06	0.138082253	0
128768413	rs2037738	0.122755	0.310999045	0.025
128390143	rs2046973	0.319357	0.487980054	0.012
128440641	rs2046974	0.432368	0.201409124	0.068
128757813	rs2060720	0.363161	1.26E-05	0.018
128758033	rs2060721	0.0940069	0.735029945	0.028
128589000	rs2070197	3.04E-45	0.45415548	0.106
128845277	rs2075777	0.115413	0.53402755	0.002
128845702	rs2075778	0.135053	0.534746108	0.002
128845907	rs2075779	0.130656	0.445600679	0.002
128852381	rs2075780	0.0970595	0.212590365	0.002
128729128	rs2084654	2.60E-12	0.154776765	0.038
128476726	rs2132256	0.171875	0.860656357	0.002
128877305	rs2141075	0.0182701	0.446098326	0.011
128748378	rs2167272	0.660888	0.273591498	0.001
128689413	rs2167273	0.27332	9.81E-36	0.541
128603292	rs2172876	0.0707368	1.65E-56	0.64
128802526	rs2177950	0.047077	0.251399737	0.002
128846328	rs2228617	0.12103	0.536287876	0.002
128694976	rs2242028	4.93E-08	4.07E-18	0.422
128695279	rs2242029	1.64E-06	2.92E-12	0.271
128455916	rs2270590	0.639906	0.476721729	0.062
128456234	rs2270593	0.234785	0.3681685	0.048
128619415	rs2272347	2.92E-16	5.45E-81	1
128594725	rs2280714	4.23E-14	5.40E-48	0.732
128388981	rs2290227	0.275179	0.086563596	0.042
128388648	rs2290228	0.587843	0.241634093	0.014
128626557	rs2290231	0.0399769	0.000320799	0.096
128477472	rs2291560	0.73408	0.26467409	0.054
128477547	rs2291561	0.722401	0.26467409	0.054
128478103	rs2291562	0.164049	0.873450369	0
128480791	rs2291564	0.0844735	0.417175531	0.022
128481196	rs2291565	0.17964	0.818202492	0
128482440	rs2291566	0.64232	0.393218241	0.002
128483227	rs2291567	0.872282	0.129262706	0.059
128487893	rs2291568	0.226832	0.716617466	0
128488734	rs2291569	0.653044	0.713386804	0.036
128808061	rs2293426	0.0444635	0.190254693	0.001
128615066	rs2293492	0.0473141	0.00048572	0.085
128614990	rs2293493	0.0354056	0.000320799	0.096
128633722	rs2305323	0.731049	5.55E-21	0.37
128641226	rs2305324	0.292815	9.81E-36	0.541
128654840	rs2305325	0.314353	1.21E-36	0.553
128454537	rs2307036	0.218938	0.3681685	0.048
128449405	rs2307037	0.216953	0.295659545	0.048
128449356	rs2307038	0.246118	0.480689324	0.048
128449355	rs2307039	0.237427	0.480535154	0.048
128394606	rs2307040	0.0486277	0.615630931	0.012
128401466	rs2402935	0.0376601	0.987944159	0.035
128444295	rs2402938	0.121454	0.078061278	0.082
128570742	rs2402940	1.54E-07	2.17E-11	0.279
128859394	rs2465900	0.672846	0.99274471	0.001
128816439	rs2566868	0.415221	0.063553882	0
128840135	rs2566869	0.957751	0.386346795	0.001
128841118	rs2566870	0.61693	0.241611252	0
128843169	rs2566871	0.106067	0.518202013	0.017
128845325	rs2566872	0.113367	0.526023311	0.002
128791398	rs2566890	0.0229672	0.276385562	0.001
128795167	rs2566891	0.0195322	0.226634328	0.001
128804218	rs2566892	0.0614245	0.240189673	0.002
128808488	rs2648	0.414036	0.507297412	0.004
128866950	rs2694571	0.46642	0.504779301	0
128843757	rs2701316	0.168554	0.212685836	0
128793560	rs2701317	0.0747368	0.14983421	0.001
128840230	rs2703090	0.653094	0.296151797	0.001
128845018	rs2703091	0.115505	0.533604019	0.002
128846804	rs2703093	0.102939	0.534349826	0.002
128810971	rs2718102	0.0466016	0.172082158	0.001
128838659	rs2718107	0.698499	0.252986179	0.001
128838769	rs2718108	0.557616	0.86382376	0.004
128844066	rs2718110	0.119049	0.525522609	0.002
128859284	rs2718111	0.776537	0.855180857	0.001
128871532	rs2718115	0.0156106	0.640309282	0.002
128846469	rs2735842	0.122738	0.53799282	0.002
128846716	rs2735843	0.126609	0.295332348	0
128847463	rs2735844	0.122285	0.538383846	0.002
128770701	rs28396650	0.304114	0.658981506	0.009
128816476	rs28550218	0.345964	0.039462192	0
128516037	rs28582084	0.891263	0.024024639	0.01
128504285	rs28584751	0.735479	0.059957037	0.078
128554075	rs28634513	0.38874	0.000413649	0.043
128816581	rs28674838	0.407268	0.039404894	0
128661132	rs28711211	0.0680574	4.88E-55	0.607
128795557	rs28783746	0.0176431	0.229504173	0.001
128698257	rs28864742	5.14E-07	7.86E-14	0.28
128419011	rs339037	0.00130608	0.649072593	0.031
128416587	rs339038	0.0390899	0.423013558	0.068
128416561	rs339039	0.00462416	0.595854293	0.019
128390563	rs339046	0.0387123	0.538677064	0.031
128386205	rs339050	0.0816491	0.767741998	0.044
128382511	rs339054	0.0396591	0.476073167	0.031
128426806	rs339082	0.000163909	0.211678916	0.053
128425768	rs339083	0.000254201	0.219201624	0.053
128424343	rs339084	0.000506897	0.263205488	0.053
128423763	rs339085	0.000597295	0.273927588	0.058
128423617	rs339086	0.0006879	0.2739997	0.053
128423341	rs339087	0.00331446	0.213836296	0.065
128422986	rs339088	0.000700617	0.273927588	0.053
128422527	rs339090	0.000567984	0.194859265	0.048
128406086	rs339094	0.0558388	0.539610421	0.038
128406047	rs339095	0.0385438	0.54412946	0.038
128396582	rs339098	0.0349527	0.612551891	0.012
128396345	rs339099	0.0419185	0.533882706	0.038
128486091	rs34180031	0.991666	0.295504919	0.004
128744432	rs34282166	0.843512	0.2789359	0.009
128735438	rs34288126	1.01E-16	0.020589248	0.027
128397977	rs34308504	0.046124	0.611038626	0.01
128718708	rs34350562	1.57E-30	0.025947667	0.062
128486363	rs34373805	0.775275	0.294804355	0.042
128666825	rs34381587	2.56E-44	0.504245223	0.106
128710302	rs34420397	1.78E-43	0.587573183	0.057
128790191	rs34534607	0.134482	0.51353605	0.002
128721877	rs34591253	2.11E-29	0.026453748	0.062
128603415	rs34632345	3.68E-08	7.71E-13	0.27
128797002	rs34639170	0.0387701	0.091883812	0.002
128720967	rs34644138	7.02E-30	0.026070576	0.062
128739025	rs34673027	5.85E-11	0.000214578	0.002
128488456	rs34692078	0.646863	0.304925144	0.037
128747220	rs34717200	0.644334	0.271030345	0.001
128641653	rs34725944	3.50E-45	0.454296693	0.106
128700153	rs34748780	2.22E-44	0.454450365	0.106
128801715	rs34761481	0.0925701	0.079734107	0.002
128816146	rs34783001	0.414241	0.065027608	0
128563333	rs34815476	4.41E-17	0.016908705	0.02
128717305	rs34865778	9.20E-31	0.0279909	0.062
128671086	rs34871361	4.06E-45	0.45415548	0.106
128567718	rs34891352	2.92E-16	0.032386233	0.02
128790310	rs34992981	0.664597	0.335531742	0.009
128585616	rs35000415	1.86E-45	0.365604918	0.106
128383768	rs35105361	0.0227114	0.892647516	0.035
128721777	rs35144535	1.86E-29	0.02628923	0.062
128732786	rs35163364	6.08E-08	0.025703981	0.013
128514543	rs35168289	0.390114	0.024433356	0.08
128683539	rs35188261	2.11E-44	0.458429527	0.106
128817443	rs35223628	0.49828	0.031973517	0
128648953	rs35234849	3.64E-45	0.454226078	0.106
128475831	rs35279564	0.804003	0.67705391	0.031
128807732	rs35331287	0.0884877	0.070488325	0.002
128727794	rs35354193	1.39E-25	0.013210891	0.072
128814468	rs35370123	0.475433	0.487550239	0.004
128818819	rs35377277	0.511247	0.025176034	0.001
128540221	rs35383832	0.589616	0.000501512	0.049
128723194	rs35414340	1.13E-27	0.112444509	0.062
128792356	rs35423524	0.0186772	0.247328406	0.001
128713630	rs35429892	1.23E-30	0.028226777	0.062
128817531	rs35438512	0.500739	0.03150345	0
128447054	rs35456642	0.211284	0.852083588	0.01
128749587	rs35475924	0.359378	0.064817773	0.001
128732319	rs35518304	4.89E-26	0.021961817	0.039
128713658	rs35598937	1.99E-19	0.005490775	0.103
128564825	rs35611012	3.28E-17	0.015229251	0.023
128790491	rs35625644	0.606832	0.511782069	0.007
128727730	rs35789143	1.50E-24	0.008018458	0.072
128708849	rs35797491	7.84E-05	1.20E-14	0.148
128737016	rs35918581	0.143243	0.340370498	0
128572040	rs35939202	1.62E-17	0.026551956	0.035
128792380	rs35952546	0.0186984	0.247298492	0.001
128738262	rs35994853	6.07E-11	0.000220032	0.002
128651522	rs36073657	4.04E-45	0.454419572	0.106
128866389	rs3734969	0.389219	0.454992045	0
128470838	rs3734972	0.254831	0.354538157	0.031
128484816	rs3734973	0.862149	0.131369997	0.066
128461720	rs3734974	0.230488	0.283286055	0.048
128395641	rs3734977	0.0452576	0.609648068	0.012
128434900	rs3736279	0.163435	0.139988268	0.092
128509529	rs3736606	0.347872	0.023376007	0.074
128509319	rs3736609	0.528649	0.002075688	0.066
128509243	rs3736611	0.244523	0.002083179	0.073
128509048	rs3736614	0.233118	0.001950008	0.073
128695646	rs3757384	0.0383567	0.000317438	0.096
128577304	rs3757385	3.99E-18	2.66E-30	0.526
128576086	rs3757387	1.12E-38	6.09E-22	0.582
128576023	rs3757388	6.40E-18	1.87E-30	0.526
128617885	rs3778748	0.157184	3.18E-48	0.64
128617811	rs3778749	8.42E-14	2.68E-45	0.732
128617089	rs3778750	5.44E-14	5.56E-48	0.732
128580047	rs3778752	1.38E-36	6.44E-22	0.634
128580042	rs3778753	9.94E-37	8.87E-23	0.634
128575552	rs3778754	1.59E-36	3.16E-23	0.634
128491942	rs3778758	0.717524	0.366640074	0.002
128495562	rs3778759	0.155971	0.856748593	0.002
128396682	rs3778760	0.0455272	0.609965385	0.012
128461094	rs3800560	0.258532	0.349358113	0.038
128487263	rs3800584	0.223796	0.716617466	0
128498791	rs3800585	0.696933	0.648517746	0.039
128469484	rs3807132	0.194875	0.294819018	0.048
128469760	rs3807133	0.185056	0.296485177	0.048
128577338	rs3807134	1.72E-08	6.68E-06	0.04
128577617	rs3807135	8.80E-18	2.63E-30	0.526
128683012	rs3807301	0.843504	2.66E-16	0.343
128644857	rs3807302	7.65E-14	1.67E-46	0.713
128644533	rs3807304	3.17E-08	1.21E-12	0.27
128580680	rs3807306	1.97E-30	2.49E-28	0.781
128579202	rs3807307	4.19E-36	6.23E-23	0.634
128471732	rs3807308	0.603452	0.629771338	0.051
128472138	rs3807309	0.608074	0.416661261	0.035
128491166	rs3816883	0.231296	0.716617466	0
128491603	rs3816884	0.250671	0.716617466	0
128495338	rs3816885	0.244604	0.716617466	0
128619521	rs3817555	0.0400741	0.000320799	0.096
128468881	rs3823480	0.198649	0.294293975	0.048
128469381	rs3823481	0.173372	0.479982492	0.048
128579666	rs3823536	4.98E-36	3.03E-23	0.634
128479340	rs3823537	0.885454	0.680853663	0.031
128492397	rs3823538	0.213752	0.813595309	0.002
128852853	rs3824	0.110486	0.228723698	0
128595149	rs3847098	0.932834	1.37E-27	0.397
128656831	rs3847099	5.03E-14	5.40E-48	0.732
128592137	rs3857851	0.0736581	2.92E-56	0.64
128657277	rs3857852	4.63E-14	5.40E-48	0.732
128654206	rs3896309	0.0694442	1.65E-56	0.64
128592241	rs3925323	4.43E-14	5.73E-48	0.732
128746693	rs3925999	2.42E-08	0.125659123	0
128876649	rs3928439	0.00472091	0.18902303	0.002
128635267	rs3958094	0.833661	1.03E-20	0.361
128787548	rs3993434	0.125541	0.040132793	0.01
128761837	rs3993436	0.431028	0.179625715	0.005
128399231	rs41274152	0.0421139	0.863923973	0.032
128629993	rs41274158	4.15E-06	5.26E-17	0.252
128388059	rs41274224	0.319239	0.087065293	0.042
128394808	rs41274227	0.276783	0.083786813	0.042
128564932	rs4268073	1.03E-08	7.57E-10	0.079
128391712	rs4270899	0.0465131	0.696009513	0.012
128506970	rs4323418	0.629464	0.017460311	0.059
128817136	rs4386907	0.410009	0.039892216	0
128391434	rs4440553	0.659898	0.409584739	0.011
128466635	rs4472439	0.21728	0.290045433	0.048
128728754	rs4473954	4.46E-15	0.001371683	0.071
128469362	rs4487676	0.194595	0.294613954	0.048
128382285	rs4509261	0.0332031	0.949904453	0.035
128853575	rs45446391	0.105836	0.241738074	0
128414088	rs45486505	0.0458767	0.619234728	0.012
128401810	rs4559164	0.0435269	0.993599263	0.035
128468105	rs4728138	0.197688	0.292454114	0.048
128558171	rs4728140	0.00366269	0.554634099	0.005
128567032	rs4728141	3.87E-33	1.30E-14	0.31
128573967	rs4728142	5.37E-28	8.20E-19	0.493
128640334	rs4728144	3.90E-19	8.23E-21	0.43
128731560	rs4728148	0.0606217	0.316639914	0.001
128731693	rs4728149	0.249828	6.51E-06	0.024
128731795	rs4728150	0.00580338	0.052114537	0.027
128732705	rs4728151	0.702071	0.004629033	0.002
128738544	rs4728152	1.57E-07	0.017227706	0.01
128850084	rs4728158	0.132066	0.22357054	0
128857172	rs4728160	0.646454	0.804322375	0
128450592	rs4731515	0.264014	0.29462982	0.048
128458649	rs4731517	0.237993	0.3681685	0.048
128530276	rs4731523	0.0274649	0.794769329	0.031
128557406	rs4731528	0.00476981	0.639836779	0.005
128572766	rs4731532	3.24E-32	1.95E-11	0.292
128602142	rs4731533	2.04E-17	6.05E-78	1
128605594	rs4731534	8.17E-17	6.97E-81	1
128605967	rs4731535	0.0623384	5.97E-55	0.627
128640293	rs4731536	5.64E-16	7.89E-78	0.98
128652339	rs4731538	0.0625293	4.12E-55	0.627
128668250	rs4731540	4.96E-14	5.40E-48	0.732
128678236	rs4731541	3.33E-15	1.29E-70	0.98
128730606	rs4731542	0.0629595	0.339970484	0.001
128730612	rs4731543	0.0629129	0.339853111	0.001
128732201	rs4731544	0.0331538	0.234590223	0.007
128732262	rs4731545	0.0332605	0.233112664	0.007
128739573	rs4731547	1.48E-07	0.018741934	0.01
128741904	rs4731548	1.64E-10	0.000306976	0.002
128741913	rs4731549	1.64E-10	0.000307399	0.002
128768817	rs4731552	0.285472	0.333944818	0.025
128841524	rs4731561	0.578251	0.860045829	0.02
128842573	rs4731562	0.995726	0.7003276	0.009
128865130	rs4731565	0.286756	0.392422714	0
128580175	rs55643109	0.0219853	0.000320761	0.096
128402711	rs55673058	0.0327836	0.98796424	0.035
128433061	rs55681138	0.282194	0.931533681	0.02
128692260	rs55706405	0.0365688	0.000317696	0.096
128761302	rs55787825	0.03821	0.067789027	0.027
128697857	rs55807509	8.15E-07	7.64E-08	0.134
128749787	rs55824196	0.100975	0.341716187	0.022
128724423	rs55839334	0.156577	0.289877173	0.022
128433809	rs55840720	0.204831	0.378263337	0.042
128431186	rs55867152	0.22054	0.352860652	0.031
128654030	rs55900917	0.0396013	0.000320799	0.096
128543117	rs55902134	0.5093	0.000660276	0.049
128685463	rs55906661	0.0395071	0.000320781	0.096
128477620	rs55907818	0.840144	0.681036901	0.031
128549912	rs55908117	0.876916	0.000184081	0.078
128829694	rs55943687	0.611089	0.023863819	0.008
128822966	rs55976016	0.37081	0.058062061	0.001
128722790	rs56001581	0.216252	0.218260098	0.035
128402773	rs56014198	0.0327992	0.98796424	0.035
128737958	rs56088330	7.34E-11	0.000302436	0.002
128392856	rs56122380	0.319634	0.083838341	0.033
128726468	rs56126947	0.218213	0.224903142	0.035
128544133	rs56144153	0.503645	0.000659972	0.049
128758725	rs56145866	0.0424149	0.067132749	0.027
128736596	rs56155376	0.228352	0.294831861	0.026
128383586	rs56184882	0.0269475	0.763377699	0.035
128453851	rs56216811	0.345968	0.515902502	0.062
128439166	rs56311528	0.204282	0.295439425	0.048
128590733	rs56321638	0.0398236	0.000315728	0.096
128545467	rs56332811	0.657126	0.001400433	0.056
128770045	rs56336560	0.567515	0.096911115	0.001
128724019	rs56340663	0.246752	0.209590583	0.035
128398156	rs56341100	0.322592	0.073063584	0.033
128590488	rs56351500	0.0405337	0.000320799	0.096
128726884	rs56357552	0.282395	0.078243939	0.015
128460745	rs56377531	0.226835	0.366777061	0.048
128443304	rs56775139	0.444433	0.202371948	0.068
128757650	rs56797488	0.0918392	0.731354093	0.028
128792128	rs56953963	0.0396316	0.113058199	0.002
128435596	rs57072537	0.178998	0.295337881	0.042
128757569	rs57093257	0.0919332	0.730131069	0.028
128465646	rs57573379	0.204871	0.288734855	0.048
128508681	rs57854065	0.718717	0.248630524	0.004
128720824	rs57989815	0.233486	0.160720008	0.03
128433600	rs58044348	0.264681	0.464589201	0.043
128462843	rs58320939	0.228351	0.284184203	0.048
128761775	rs58412690	0.431509	0.179580212	0.005
128792143	rs58496468	0.0186552	0.248517528	0.001
128437731	rs58518485	0.210956	0.295558411	0.042
128735048	rs58527765	0.989563	0.005954222	0.03
128433690	rs58691638	0.131045	0.123762584	0.074
128462847	rs58845495	0.261063	0.350050295	0.038
128716007	rs59110799	8.19E-31	0.02797313	0.062
128672915	rs59147352	0.180824	4.95E-49	0.577
128460756	rs59197085	0.258397	0.349054804	0.038
128732622	rs59526485	0.308504	0.140765574	0.008
128755935	rs59891781	0.381257	1.12E-05	0.018
128786618	rs60107606	0.130092	0.229730517	0.017
128600869	rs60239254	0.0699205	1.65E-56	0.64
128462976	rs60252851	0.21114	0.847443655	0.01
128465450	rs60324735	0.216878	0.287692992	0.048
128437514	rs60384027	0.217588	0.295558411	0.042
128452556	rs60389668	0.222085	0.367975512	0.048
128760428	rs60485872	0.000191575	0.993237151	0.003
128549328	rs60591364	0.48152	0.000293473	0.048
128508679	rs60653559	0.718709	0.248630524	0.004
128751838	rs60699956	0.406099	1.05E-05	0.018
128737399	rs60811897	0.275797	7.65E-06	0.018
128430437	rs60871386	0.260581	0.353236878	0.036
128465755	rs60894155	0.219594	0.288438696	0.048
128442897	rs61012549	0.19235	0.381356217	0.048
128501241	rs61033955	0.9015	0.186096145	0.002
128492557	rs61044960	0.252784	0.716617466	0
128492558	rs61191534	0.253434	0.716617466	0
128818127	rs61382909	0.489008	0.023395253	0.001
128767250	rs61740497	0.251058	2.82E-05	0.018
128599933	rs62478580	1.38E-14	2.63E-49	0.732
128684316	rs62478615	4.08E-45	0.45415548	0.106
128758137	rs62478648	0.395167	0.069385667	0.001
128759503	rs62478649	0.399261	0.071996113	0.001
128507492	rs62478852	0.000592971	0.92853606	0.017
128380579	rs62479563	0.0974995	0.092385017	0.004
128403795	rs62479585	0.0329744	0.988121335	0.035
128405229	rs62479587	0.0332722	0.988125318	0.035
128405521	rs62479588	0.0333176	0.988125318	0.035
128406506	rs62479589	0.0377344	0.793561705	0.012
128406813	rs62479590	0.0425069	0.610540081	0.012
128419388	rs62479597	0.0014356	0.737621828	0.031
128424406	rs62479598	0.0037843	0.126908072	0.008
128433165	rs62479601	0.157283	0.144814981	0.062
128433964	rs62479604	0.128681	0.127980496	0.074
128443492	rs62479609	0.248805	0.295512516	0.048
128454202	rs62479612	0.224652	0.368304552	0.048
128463864	rs62479619	0.221232	0.285257315	0.048
128463971	rs62479620	0.224868	0.285772747	0.048
128465246	rs62479621	0.221086	0.287771356	0.048
128837294	rs62480578	0.750613	0.270657446	0.002
128541726	rs62481971	0.487658	0.000654551	0.044
128416008	rs62617076	0.45314	0.610614513	0
128545728	rs6467216	0.53048	0.000242285	0.055
128548954	rs6467218	0.500976	0.00029118	0.048
128674419	rs6467222	3.30E-16	5.34E-81	1
128674666	rs6467223	2.28E-13	1.52E-47	0.732
128688456	rs6467224	3.44E-13	8.98E-41	0.717
128710287	rs6467225	9.48E-08	2.44E-12	0.253
128736327	rs6467227	0.879009	0.023544037	0.004
128740760	rs6467228	1.02E-10	0.000261678	0.002
128740913	rs6467229	1.04E-10	0.000267052	0.002
128746005	rs6467230	0.877527	0.012772462	0.022
128767969	rs6467231	0.0747842	0.10700785	0.008
128868656	rs6467233	0.0177312	0.446079421	0.011
128438284	rs66520020	0.540934	0.397242235	0.062
128720295	rs66540114	3.33E-30	0.025949203	0.062
128567535	rs66720828	2.18E-17	0.036891008	0.02
128722172	rs66872377	3.11E-29	0.026965776	0.062
128871006	rs66970518	0.0177352	0.445663833	0.011
128666995	rs67123975	0.0675161	1.65E-56	0.64
128520757	rs67147448	0.635076	0.644337391	0.004
128504788	rs67476247	0.769604	0.013072625	0.078
128822685	rs67676491	0.574375	0.031235797	0.001
128417326	rs67738450	0.318099	0.018050368	0.036
128862327	rs67853067	0.0182308	0.335097331	0.011
128822323	rs67974015	0.736465	0.033553223	0.001
128619661	rs6946318	0.0741264	1.64E-56	0.64
128823846	rs6946734	0.876557	0.002434887	0.008
128547512	rs6948542	0.491442	0.00033044	0.055
128602158	rs6948875	0.0869029	8.87E-56	0.64
128623097	rs6948928	3.88E-14	5.42E-48	0.732
128798982	rs6949275	0.0514341	0.360711265	0.001
128799146	rs6949483	0.0180177	0.221058049	0.001
128769369	rs6950176	0.288174	0.335349745	0.025
128565661	rs6950728	2.77E-17	0.020355024	0.02
128560035	rs6951243	1.26E-05	0.000508753	0.064
128766553	rs6952077	0.6208	0.985676139	0.025
128731085	rs6953139	0.164404	0.617991656	0.001
128578210	rs6953165	0.0372903	0.000358578	0.081
128731316	rs6953497	0.0792598	0.224549689	0
128731371	rs6953648	0.0448371	0.2714999	0
128731188	rs6953731	0.0791116	0.605624625	0.001
128731391	rs6953800	0.0447711	0.271282158	0
128608760	rs6953869	0.0724196	1.65E-56	0.64
128731387	rs6954102	0.042692	0.271304883	0
128389867	rs6954433	0.0435883	0.609521469	0.012
128390077	rs6954748	0.0434255	0.609521469	0.012
128557370	rs6955705	0.357504	0.000214571	0.041
128543678	rs6955736	0.395981	0.000438419	0.055
128605460	rs6957529	0.0430117	0.000495197	0.085
128725550	rs6959557	3.03E-14	0.094747173	0.048
128725689	rs6959820	5.46E-14	0.081251051	0.048
128725722	rs6959965	4.91E-14	0.094557605	0.048
128692657	rs6960994	1.27E-08	2.32E-20	0.434
128692710	rs6961014	5.58E-08	4.25E-18	0.441
128768408	rs6962751	0.34088	0.404870139	0.025
128726026	rs6964194	5.44E-14	0.096003011	0.048
128655918	rs6965542	3.03E-16	5.34E-81	1
128598525	rs6966125	8.71E-08	2.72E-13	0.27
128380139	rs6967300	0.226225	0.019274328	0.004
128577731	rs6968563	0.0165986	0.000323856	0.081
128630313	rs6969930	7.45E-16	3.18E-75	0.98
128840187	rs6969992	0.877548	0.30589226	0
128511024	rs6970221	0.725269	0.022640246	0.065
128748534	rs6970371	0.662428	0.27386404	0.001
128559928	rs6970780	9.07E-05	0.000583727	0.064
128782249	rs6971037	0.231155	0.175692701	0.006
128539728	rs6972002	0.691797	0.000737941	0.044
128745759	rs6972389	0.620809	0.268250281	0.001
128740443	rs6973520	1.29E-09	0.082007545	0
128731327	rs6973571	0.0583578	0.387032972	0
128675549	rs6973975	6.72E-14	1.67E-46	0.713
128675657	rs6974262	0.0726148	3.92E-55	0.627
128545060	rs6974779	0.399155	0.000415936	0.055
128545143	rs6975246	0.393957	0.000414999	0.055
128718027	rs6976410	1.99E-19	0.00582182	0.103
128806057	rs6976529	0.076485	0.250519279	0.002
128665542	rs71581958	3.98E-45	0.45415548	0.106
128717169	rs71581967	2.98E-29	0.051264906	0.052
128722237	rs71581969	3.40E-29	0.027086435	0.062
128723327	rs71581970	4.17E-18	0.005575994	0.109
128723334	rs71581972	1.12E-17	0.009300319	0.098
128736841	rs71581979	0.164511	0.340019576	0
128797426	rs71583808	0.0408825	0.090527954	0.002
128804193	rs71583815	0.0948519	0.10146009	0.004
128804474	rs71583817	0.0949462	0.100733259	0.004
128811083	rs71583819	0.421736	0.504869081	0.004
128817568	rs71583821	0.499616	0.032168914	0
128788002	rs719335	0.0286483	0.242917865	0.001
128787714	rs719336	0.0597262	0.138923398	0.001
128762096	rs724348	0.103027	0.117897539	0.026
128428986	rs72607754	0.896514	0.37929576	0.002
128485723	rs72607756	0.214936	0.716617466	0
128487573	rs72607757	0.225276	0.716617466	0
128569561	rs729068	3.95E-16	0.023566429	0.027
128568960	rs729302	3.01E-17	0.036692478	0.02
128730740	rs730797	0.0626506	0.337390481	0.001
128730535	rs730798	0.0631779	0.341295612	0.001
128462273	rs730931	0.230189	0.283442171	0.048
128675853	rs73228755	0.918321	1.21E-25	0.388
128685254	rs73228760	0.931339	3.29E-19	0.361
128698815	rs73228764	3.04E-06	5.19E-17	0.261
128699523	rs73228765	3.05E-06	5.17E-17	0.261
128744495	rs73228790	4.79E-07	0.023114806	0
128861366	rs73230593	0.00386474	0.304004241	0.003
128381816	rs73236092	0.443094	0.70491439	0
128387201	rs73236094	0.276357	0.088662846	0.042
128390903	rs73236098	0.27578	0.085356182	0.042
128395775	rs73236099	0.464013	0.560882449	0
128396011	rs73236100	0.46414	0.560968492	0
128397920	rs73236101	0.465338	0.561309482	0
128414047	rs73238105	0.468888	0.602973223	0
128414195	rs73238106	0.26705	0.077620247	0.042
128414335	rs73238109	0.337	0.077449434	0.042
128417114	rs73238110	0.33712	0.017594797	0.036
128418933	rs73238111	0.401326	0.821725125	0.001
128432108	rs73238120	0.223797	0.290355652	0.042
128433977	rs73238122	0.141824	0.126167478	0.074
128469917	rs73238147	0.108345	0.126405753	0.075
128481915	rs73238153	0.00131546	0.835581689	0.023
128567968	rs73238196	2.17E-17	0.038910631	0.02
128654656	rs73240324	0.831756	7.32E-20	0.37
128666956	rs73240327	0.183764	2.50E-50	0.589
128701916	rs73465029	1.13E-06	1.96E-12	0.198
128738568	rs73467261	0.291816	8.06E-06	0.018
128745687	rs73467288	0.0496695	0.067423646	0.027
128817935	rs73475683	0.541814	0.008373836	0.008
128831055	rs73475695	0.628423	0.006340247	0.008
128831620	rs73475697	0.683018	0.020820278	0.008
128830838	rs73721526	0.627289	0.006272023	0.008
128742174	rs73723910	0.343014	9.17E-06	0.018
128578483	rs74317073	0.0197842	0.000320057	0.081
128875997	rs74412475	0.721317	0.744716469	0
128673892	rs74494428	0.0441616	2.10E-05	0.085
128601772	rs74542576	0.0414226	0.000320799	0.096
128702426	rs7455711	7.98E-08	3.30E-13	0.158
128599823	rs74573030	0.0466963	0.000495197	0.085
128748326	rs74682171	1.27E-08	0.129225531	0
128793269	rs74778194	0.109763	0.522601958	0.011
128488800	rs74811088	0.961821	0.289617783	0.004
128569930	rs74883380	0.00770819	0.000334393	0.081
128747708	rs74904997	1.26E-08	0.129408344	0
128751444	rs74942545	1.50E-08	0.145012854	0
128647394	rs74973211	0.0396508	0.000320799	0.096
128658957	rs74983746	0.0507595	9.51E-05	0.085
128491773	rs75012400	0.964282	0.283652816	0.004
128680432	rs75230752	0.049516	7.59E-06	0.085
128484564	rs75234599	0.999459	0.298978552	0.004
128579420	rs752637	4.27E-18	2.66E-30	0.526
128689077	rs75279435	0.027192	0.000326843	0.096
128588475	rs75282194	0.0396881	0.000320713	0.096
128572180	rs754281	6.33E-07	1.73E-11	0.279
128580426	rs75434450	0.0239296	0.000320997	0.096
128646300	rs75437801	0.039666	0.000320799	0.096
128668952	rs75456523	0.0400181	0.000337393	0.096
128468412	rs754920	0.213274	0.293395301	0.048
128468533	rs754921	0.429242	0.242116722	0.068
128798368	rs75593001	0.17457	0.410400495	0.011
128550577	rs75709678	0.538455	0.001897666	0.043
128753688	rs75742411	1.33E-08	0.12874125	0
128486446	rs75770585	0.175278	0.865805238	0.002
128480666	rs76046880	0.928777	0.308088773	0.004
128614558	rs76066956	7.84E-06	3.70E-15	0.235
128705040	rs76076677	0.038321	0.000317599	0.096
128853676	rs76198027	0.130251	0.244986408	0
128702110	rs76344592	0.0381904	0.000315356	0.096
128681072	rs76408499	0.041068	0.000320799	0.096
128574466	rs76575414	0.0136302	0.00031278	0.081
128602191	rs76576038	0.0468047	0.000495197	0.085
128690164	rs76696583	0.0477502	7.19E-06	0.09
128774720	rs76768008	0.107369	0.072560139	0.022
128492527	rs76972396	0.165182	0.863621331	0.002
128715674	rs76979090	2.86E-26	0.003032516	0.052
128479065	rs76988227	0.944576	0.315997954	0.004
128569099	rs77065770	0.00765643	0.000341001	0.081
128392321	rs77068855	0.0500982	0.843704792	0.012
128757300	rs77159569	1.48E-08	0.13362254	0
128584130	rs77264666	0.0919032	0.000885387	0.085
128591409	rs77416878	0.0474495	0.000496479	0.085
128754263	rs77475254	0.167672	0.024923441	0.048
128721797	rs77508372	1.91E-29	0.026327834	0.062
128509714	rs77605558	0.615719	0.0981579	0
128677292	rs77607989	0.0496071	7.63E-06	0.085
128773064	rs77712382	0.108681	0.087635565	0.022
128662217	rs7776477	0.0680193	2.34E-56	0.64
128819525	rs7776554	0.51741	0.026233813	0.001
128742164	rs7779637	1.83E-10	0.000307399	0.002
128742221	rs7779671	1.98E-09	0.074282907	0
128742208	rs7779782	1.83E-10	0.000307533	0.002
128519162	rs7780972	0.923447	0.062292366	0.007
128396330	rs77825241	0.464328	0.560968789	0
128681297	rs7783384	3.95E-15	3.77E-68	0.98
128711699	rs7783840	0.000392104	8.10E-07	0.13
128674478	rs7784015	0.0387131	2.39E-48	0.62
128748801	rs7784519	0.386658	0.064582554	0.001
128523299	rs7784538	0.527152	0.019990094	0.074
128523503	rs7784859	0.790214	0.259836255	0.043
128520291	rs7786074	0.971428	0.313171921	0.076
128548463	rs7786945	0.44776	0.000300344	0.048
128477865	rs7787924	0.149825	0.872926413	0.002
128749475	rs7788966	0.000112635	0.964225982	0.002
128621204	rs7789423	3.28E-14	5.43E-48	0.732
128737274	rs7790824	3.01E-07	0.023924029	0.01
128732013	rs7791525	7.17E-08	0.009018464	0.044
128549568	rs7792282	0.442274	0.000176518	0.047
128662511	rs7793851	0.0687322	1.67E-56	0.64
128741451	rs7794163	0.297074	0.055919043	0.001
128710210	rs7794772	0.104108	0.000152292	0.031
128819095	rs7795054	0.51373	0.025582491	0.001
128379209	rs7795071	0.246776	0.013204719	0.005
128710460	rs7795214	0.103209	0.000150773	0.031
128738482	rs7795876	6.14E-11	0.000206845	0.002
128746881	rs7796893	0.874071	0.233119876	0.001
128629001	rs7796963	2.28E-16	4.51E-81	1
128515846	rs7797420	0.644107	0.075912619	0.007
128804041	rs7798321	0.0463938	0.249739113	0.002
128450532	rs7799186	0.460737	0.21151635	0
128501831	rs7799329	0.867123	0.166778121	0.002
128738941	rs7799991	5.77E-11	0.000212488	0.002
128738950	rs7799998	5.78E-11	0.000212731	0.002
128593719	rs7800687	4.79E-14	4.85E-48	0.732
128704453	rs7800715	0.889128	1.43E-15	0.343
128523068	rs7801473	0.753513	0.649603529	0.04
128573994	rs7801838	2.53E-18	0.021855557	0.048
128703350	rs7805352	1.22E-06	9.48E-13	0.288
128739073	rs78053700	0.070418	0.375106217	0.026
128640188	rs7807018	5.04E-16	7.89E-78	0.98
128482835	rs78086167	0.991234	0.302980642	0.004
128570238	rs7808659	5.65E-17	0.152777818	0.014
128584084	rs7808907	3.37E-19	3.33E-32	0.675
128767490	rs7809681	0.074719	0.106799148	0.008
128767506	rs7809687	0.0747298	0.108582836	0.008
128741211	rs7810529	0.29544	0.054898358	0.001
128819396	rs7812232	0.496309	0.042960076	0.001
128774590	rs78264885	0.115852	0.073968989	0.022
128738502	rs78366570	6.85E-13	0.019768269	0.01
128581883	rs78658945	8.30E-06	3.06E-15	0.235
128825235	rs78721167	0.711347	0.016822442	0.008
128739719	rs78987170	0.134212	0.343796338	0
128750623	rs79129415	0.672622	0.832234032	0.014
128680362	rs79260940	0.0495137	7.59E-06	0.085
128582658	rs79288514	0.0904388	0.000855738	0.085
128759244	rs79680150	0.0909701	0.194097553	0.026
128681106	rs79772075	0.0410695	0.000320799	0.096
128491497	rs79790270	0.963949	0.284197563	0.004
128383555	rs79829700	0.490097	0.23022001	0.023
128688590	rs79890422	0.0373616	0.000305396	0.096
128756455	rs79913611	0.00250852	0.444622748	0.021
128754241	rs79978234	0.104713	0.333536326	0.022
128679133	rs80049896	0.0411947	0.000320799	0.096
128711874	rs80086012	3.65E-41	0.363398958	0.106
128593092	rs80159318	0.0462759	0.000495555	0.085
128855125	rs80213676	0.674948	0.655670259	0.001
128607384	rs8043	0.0727292	1.65E-56	0.64
128411422	rs8597	0.469248	0.602861907	0
128866616	rs891545	0.0154485	0.668822333	0.002
128743075	rs896151	0.365497	0.058240412	0.001
128500025	rs902841	0.962265	0.227656815	0.002
128500139	rs902842	0.822974	0.177962216	0.004
128802936	rs919551	0.0482195	0.240189673	0.002
128676724	rs921403	9.87E-14	1.97E-46	0.713
128560761	rs960633	0.000123887	0.000958378	0.044
128853057	rs9607	0.1316	0.553678138	0.002
128875612	rs963465	0.015931	0.625697053	0.002
128507502	rs9640852	0.995177	0.209774635	0.056
128873679	rs9641846	0.0156205	0.640498907	0.002
128672645	rs9649520	0.0689459	1.65E-56	0.64
128673150	rs9649521	0.0697628	1.65E-56	0.64
128710858	rs9649523	6.90E-07	2.75E-11	0.127
128800696	rs9649524	0.0228524	0.250299849	0.002
128521072	rs9655870	0.943724	0.320672713	0.076
128521240	rs9656375	0.731907	0.538208895	0.045
128431295	rs9690481	0.302106	0.791043563	0.025
128431363	rs9692404	0.191055	0.730698999	0.025
128440185	rs9791702	0.237304	0.377219668	0.048
128744606	rs9800926	0.422108	9.16E-06	0.018
