rs1788098	cd226.exp.pc32_corr
1	0.25975192
1	0.087636212
0.011	0.181926717
0	0.102211125
2	0.036023161
1	-0.075608667
1	0.014949145
1	-0.036758519
1	0.110792829
0	-0.006906987
1	-0.052475921
0	0.10136596
0	0.139550231
1	-0.040384808
2	0.165826123
1	-0.171300747
1	-0.109057065
2	-0.021895167
1	0.040493074
1.024	-0.060935707
1	-0.273498507
1.999	-0.075459277
2	-0.353574685
0	0.038230667
1	-0.061976892
0.967	-0.10529018
2	-0.357975504
1	-0.050820562
0	0.270927316
0	0.166513837
0	0.129342775
2	-0.34627261
1	0.046084932
1	0.194336682
0.004	0.150913122
2	-0.379647515
1	0.259231283
2	-0.054761622
1	0.225404822
1	0.113732208
1	-0.009825474
2	-0.20155096
1.023	-0.134940894
0	0.040882133
0	0.137292724
0	0.042192709
2	-0.181717789
1	-0.046099604
0.004	0.116195365
0.115	-0.052713347
1	-0.065036308
2	-0.017484338
0	0.123132133
0	0.303711062
1	-0.122013281
2	-0.131217028
1	0.071396855
2	-0.259277611
2	0.010699916
0	0.072886418
1	0.026738554
2	-0.177272571
1	-0.118896236
0	0.087664442
0.962	0.089543958
0	0.002921997
1	-0.205915504
1	0.011260075
0	0.255610869
1	0.122066472
1	-0.086147238
1	-0.310586454
1	-0.067195753
1	0.122263455
1	0.082044668
0	-0.083822839
1	-0.040229796
2	-0.016125883
1	0.113861698
0.012	0.187932971
1	-0.170752503
2	0.116204721
2	-0.22015498
1.998	-0.33985354
1	-0.2120261
2	-0.254178428
1	0.214727172
1	-0.078508287
1	0.028367546
1.107	-0.080145116
1	-0.237086114
1	0.076501441
1	-0.091201132
1	0.023713954
1.125	-0.20510597
0	0.284180635
0.001	0.257405215
2	0.063833153
2	-0.020287674
1	-0.023104411
1.002	0.215649374
2	-0.313448061
1	-0.046897344
1	0.080031332
2	0.088369211
0.005	-0.100150621
1	-0.196811999
1	0.06865847
1	-0.078179013
1.008	0.004239907
1	-0.185898486
1	0.001999819
1	-0.343346061
1	-0.011040749
0	0.034212351
0	0.280758238
1	-0.190396595
0	0.247589907
2	-0.248308833
2	-0.11554247
1.002	-0.167959794
1	-0.046057898
0	0.268959312
1	-0.031248613
1	-0.009165256
1	-0.139311186
0	0.251066521
0	0.115507971
1	-0.2798337
1	0.345811645
0	0.1493994
1.197	0.014067816
1	-0.253830713
1	0.004195201
2	-0.101867332
2	-0.315521048
1	0.274914549
0.002	-0.226908269
0	0.107865488
1	0.031853462
1.003	-0.059908862
1	0.091128836
1	0.030729226
2	-0.067430681
0	0.161224444
0	0.111482165
0	0.055760797
2	-0.179344715
1	-0.238973537
0.003	0.034366489
1	-0.188390735
0.001	0.152698213
0	0.047071574
0	0.081020919
0.005	0.348102228
1	0.013333807
2	-0.0118747
1	0.12008369
1	-0.016151161
2	-0.167566159
1	0.010445156
1.016	-0.0911687
1	-0.002906099
2	-0.066489639
2	-0.093072161
1	0.045526323
1	-0.107629177
1	-0.203653732
2	-0.022091687
1	-0.077556006
2	0.188403541
1	-0.005885292
0	0.054227611
2	-0.183423365
1	0.05280528
0	0.194325513
0	0.094438955
1	0.241415482
1	-0.028800689
0.035	-0.051717742
1	-0.118873684
0	-0.113030183
1	0.199166
1	0.366708913
0	0.180129393
1	-0.225789607
2	-0.073682091
0	0.334899647
1	-0.005225413
1	0.252643835
0	0.294389501
1	0.031315303
0	0.197720478
1.003	-0.055128609
1	0.051790603
1	-0.062162207
1	0.029088699
0	0.140800201
2	-0.052802367
1	-0.150696509
1	0.136222433
1.083	-0.072547044
0	-0.064313497
0.008	-0.098204756
2	0.076390183
0.005	-0.039129856
0	-0.016557768
1	-0.042613522
1	0.060247846
0	0.286418283
1	0.215001796
1	0.245605595
0	0.199598034
1	0.170235706
0.995	-0.023022733
1	-0.399009719
1	0.061808831
2	-0.25438987
1	0.034971936
0	0.192497391
1.998	0.12865098
2	-0.216270617
2	-0.162126681
1	0.115984666
0	0.382128525
0	0.219828474
1	0.053228348
1	0.161008177
1	-0.282423807
0	0.335684738
1.006	-0.185275936
2	-0.245874176
0	0.283392849
2	-0.320775551
1	0.087874135
1	0.242686382
2	-0.194959184
0.01	0.201656838
1	0.06675916
2	-0.306747878
2	-0.384469058
0	-0.012940601
2	-0.207246976
0.001	0.289623246
1	-0.413250912
