snp gwas_p eqtl_p r2
rs1007822 7.52235188399938e-07 2.89558538668369e-14 0.755
rs1009847 0.000355039380746942 1.29434925493871e-08 0.374
rs10163684 0.872881074217134 0.231965896674165 0.006
rs1023743 0.000140269649919929 0.0162049814526273 0.158
rs10513976 0.000102492009294387 0.0350470901532074 0.173
rs10513977 0.000102492009294387 0.016220370737131 0.158
rs10513978 0.535884989067038 0.924011902453848 0.004
rs10513979 0.446116847721283 0.944672827551666 0.004
rs10513981 0.000858120666393676 0.005675233965613 0.158
rs10513983 0.0156633536428976 0.0134731086692445 0.176
rs1124980 1.59033493652039e-05 1.12604292359789e-13 0.646
rs117404294 0.0603744922091592 0.247044808872807 0.075
rs11873810 0.512356753300256 0.580643209221499 0.015
rs11875162 0.535884989067038 0.926015343478066 0.004
rs11875246 0.00269979606326019 0.01188191148463 0.125
rs12956753 0.258293064655504 0.204189474710755 0.005
rs12964890 5.73303143758388e-07 3.18318255779773e-14 0.755
rs12968499 4.35763956878469e-07 3.90825002967627e-14 0.755
rs12969613 5.73303143758388e-07 2.17486952005613e-13 0.755
rs13381239 1.90984032180526e-10 5.1749678875379e-18 0.96
rs1469857 0.0163950718491923 0.00474864639446751 0.138
rs1469858 1.41601867785995e-07 4.74715506458541e-12 0.594
rs1550134 0.107155507032272 0.0139608638728731 0.111
rs1610555 7.94289459851268e-08 7.25483775235159e-13 0.632
rs1615504 1.78973714021383e-11 2.46281621228041e-18 0.96
rs1619345 0.487403529676025 0.044912883985357 0.018
rs17081746 0.0239991496633371 0.00613063798904108 0.138
rs17081797 0.0191367088541101 0.89489756856984 0.097
rs17207042 5.54351060252276e-11 2.59218402077986e-19 0.98
rs17208063 0.0901808600977078 0.0140902123855525 0.111
rs17208112 0.000606766845636065 1.89354438420777e-08 0.374
rs17792135 0.782654008414754 0.601263408534629 0.006
rs17793893 0.00595952647010911 0.00901330830953005 0.11
rs17799566 0.00269979606326019 0.011968874502746 0.125
rs17799658 0.535884989067038 0.9284056330997 0.004
rs17800362 0.0100020745224961 0.0229423183932908 0.167
rs17802023 0.000425389929134245 1.69742899941218e-08 0.374
rs17842596 7.90149177756325e-05 2.38156139062048e-11 0.313
rs1788097 5.54351060252276e-11 2.33244678236017e-19 1
rs1788101 0.809261146695181 2.63367203125415e-10 0.138
rs1788103 5.54351060252276e-11 4.43745481037191e-19 1
rs1788112 0.033903955680783 0.0608098837021173 0.034
rs1788113 0.00238916098019477 0.0140601026775952 0.064
rs1788114 2.170741577788e-06 2.53141157223549e-11 0.614
rs1788115 0.384538052996623 0.0642332180609245 0.053
rs1788229 1.02631440043805e-09 2.27612936503598e-19 0.96
rs1788230 0.0191367088541101 0.00481722984889957 0.138
rs1788232 2.6167849372106e-11 2.44559524964603e-18 0.96
rs1788234 0.000756000446919341 3.09110533341208e-10 0.501
rs1788235 0.0583768699514673 0.317392141053084 0.053
rs1788237 0.0846829459575784 0.336628843740073 0.045
rs1788238 1.25148040347494e-05 2.17875874837089e-09 0.506
rs1788243 0.0978895292965988 0.304266544520461 0.053
rs1788245 0.342112252616964 0.753072490539822 0.013
rs1790575 1.9731752900754e-09 9.69258143517403e-19 0.922
rs1790576 1.42498518676639e-09 6.02756412095346e-18 0.96
rs1790588 5.54351060252276e-11 4.43745481037191e-19 1
rs1790597 0.42119612399579 0.059350706548056 0.053
rs1790599 0.112692383859115 0.336628843740073 0.053
rs1790604 1.39933868276278e-09 3.25888578696956e-17 0.922
rs1790605 0.0344908717639675 0.00294450333876893 0.145
rs1790930 0.490893192138033 0.0637596179693367 0.053
rs1790931 5.54351060252276e-11 2.29673167291515e-19 0.941
rs1790932 5.54351060252276e-11 2.24308143855752e-19 0.96
rs1790942 0.0344908717639675 0.00251985316982525 0.138
rs1790947 1.90984032180526e-10 1.04565704548923e-18 0.96
rs1790961 2.6167849372106e-11 5.0126197131952e-17 0.96
rs1790963 1.02631440043805e-09 5.59958311894293e-18 0.922
rs1790968 0.802587348634153 0.17086828256891 0
rs1790969 0.14096087839135 0.0126434265659622 0.111
rs1790971 0.0978895292965988 0.336628843740073 0.053
rs1790974 9.64581033713246e-09 2.80003758703875e-17 0.845
rs1865761 3.81446038025563e-11 2.19316433981496e-19 1
rs2051322 0.112692383859115 0.336628843740073 0.053
rs2051323 0.0378086594703814 0.106914913594562 0.11
rs2051324 0.0210162562275187 0.107233484675637 0.11
rs2117984 0.0312522388569388 0.0433641368952078 0.073
rs2156247 0.0196306572572907 0.0134731086692445 0.176
rs2164491 0.00620320586543469 0.642617325489532 0.084
rs28702626 0.535884989067038 0.929780500051626 0.004
rs3018275 1.78973714021383e-11 2.44522519849335e-18 0.96
rs34594414 2.52658950432665e-08 0.0162970205151064 0.317
rs34794968 1.88305667257477e-07 1.43003931378599e-12 0.594
rs34836160 0.391365938307552 0.933152192297786 0.004
rs34875178 2.6167849372106e-11 5.09227133914843e-18 0.96
rs35124952 0.567709166197353 0.940493313853117 0.004
rs35159959 0.475050524053953 0.973346715995678 0.004
rs4094864 1.41601867785995e-07 8.87424026602619e-17 0.845
rs4438406 0.00269979606326019 0.34097420113956 0.109
rs4891376 1.88305667257477e-07 1.39785772795439e-12 0.594
rs4891377 0.0262682913820423 0.00819488402894374 0.131
rs4891378 0.0901808600977078 0.014038273814201 0.111
rs4891781 1.06195875925788e-07 1.58799183189487e-11 0.594
rs4891784 0.0278068950269972 0.00520941170988398 0.131
rs58948695 0.604987669676503 1.29185873494561e-09 0.108
rs60079419 6.33424836662398e-05 0.0087141541640164 0.158
rs62090529 0.000119986440897799 0.0139667447258043 0.158
rs62090536 0.504985075093846 0.933483766705205 0.004
rs62090537 0.000102492009294387 0.0127596142582887 0.158
rs62090538 0.000163751435995639 0.0111807393707365 0.158
rs62090539 5.38029128654717e-05 0.0113464006700216 0.158
rs62090543 0.000283828169499005 0.0152709045442384 0.151
rs62092080 0.782654008414754 1.28736200716313e-09 0.108
rs62092084 0.756298745303894 1.47932173223881e-09 0.108
rs66504140 4.35763956878469e-07 2.20361723516636e-14 0.755
rs67066405 0.00014469608785024 0.0204933411431962 0.189
rs67643815 1.88305667257477e-07 2.20908490212348e-14 0.755
rs7236173 0.0154756364638433 0.760260787826157 0.09
rs7236337 0.0205697662542228 0.764517393956826 0.09
rs7237611 0.000318217180315068 2.31366497619089e-10 0.426
rs7237727 0.000465258158071049 3.48854603688789e-10 0.426
rs7239671 1.78973714021383e-11 8.07048110260518e-18 0.96
rs7241191 7.94289459851268e-08 1.70258297184044e-09 0.541
rs7244202 2.6167849372106e-11 5.17066130996748e-18 0.96
rs72481820 0.0258424338448698 0.00576982874647338 0.138
rs727088 3.81446038025563e-11 2.29700494887207e-19 0.96
rs72953819 8.74252226297501e-05 0.0154689071809256 0.158
rs72953837 0.475050524053953 0.943738050278795 0.004
rs73970277 8.74252226297501e-05 0.0154937593628171 0.158
rs74374673 0.00381754888847922 0.00785456524135894 0.125
rs74921269 0.0298987911015437 0.00576708373713582 0.138
rs75133490 0.173478578848781 0.0404876153471675 0.016
rs75353041 0.128074458684967 0.1340426871768 0.071
rs763361 8.03200116771819e-11 2.29700494887207e-19 0.96
rs763362 1.88305667257477e-07 1.42086316856607e-12 0.594
rs77139620 0.00269979606326019 0.0119671914372888 0.125
rs77580480 0.858274230547457 3.90925449546932e-10 0.131
rs77671930 0.00664188547642664 0.74325796390407 0.104
rs78508287 0.00340523582129476 0.0142578083458002 0.11
rs79758786 0.00167307472215232 0.0163382440654984 0.125
rs8086400 0.891533819083154 0.163770613277459 0
rs948788 9.89398479837092e-10 1.09747430237692e-17 0.904
rs9947556 0.535884989067038 0.921738871201977 0.004
rs9950174 5.15452173895334e-09 2.33593590659007e-18 0.921
rs9956173 0.000673858531353761 0.169780858962606 0.145
rs9958984 0.11163003635549 0.319743874785366 0.03
rs9962408 0.00303386458073708 0.0116466858665905 0.125
rs9962570 0.475050524053953 0.95935239135486 0.002
rs999146 0.0256964190872529 0.106914913594562 0.11
