exp	unique
7.915649635	1
10.96434812	1
9.440671297	1
9.606472386	1
8.676247989	1
10.08183628	1
9.631551218	1
9.168552985	1
7.778666909	1
8.988826148	1
7.646864406	1
9.222847936	1
10.36700716	1
7.859377547	1
8.246882852	1
10.15227951	1
10.92910824	1
9.150642567	1
7.56871663	1
7.779987661	1
7.340669732	1
10.5735537	1
7.449210967	1
9.43301918	1
9.593194449	1
11.44795118	1
9.070591839	1
7.915590152	1
8.344198496	1
8.400622365	1
12.02715443	1
7.576452417	1
7.547172315	1
11.22856813	1
8.763774624	1
9.590899511	1
11.20976252	1
7.376274728	1
11.0993751	1
8.835107154	1
11.2767026	1
11.51119494	1
7.349025304	1
8.379267612	1
7.828411664	1
11.20434164	1
8.867813116	1
8.672473302	1
9.573360603	1
8.503482871	1
10.95514319	1
7.330924554	1
7.239833478	1
7.92099508	1
14.25715628	1
9.728362429	1
10.47686378	1
12.43218065	1
7.601384589	1
7.529691554	1
9.662010916	1
8.294068658	1
7.366647389	1
9.162637096	1
10.85485459	1
8.477722722	1
8.741052988	1
8.246515056	1
11.53206139	1
7.313465108	1
7.454026552	1
7.687210417	1
8.08556533	1
7.291026	1
8.281236524	1
9.681858114	1
9.793741791	1
8.185065264	1
7.948542784	1
7.490243842	1
7.851960212	1
9.162395817	1
8.894868584	1
7.390828523	1
12.26708214	1
7.300823798	1
8.534775436	1
9.976162787	1
7.589197912	1
7.724036937	1
8.284541486	1
7.425756152	1
7.785579473	1
10.08234286	1
7.832889554	1
11.17644043	1
7.249897303	1
10.31511505	1
8.878076147	1
8.123722844	1
8.086005048	1
9.514405839	1
8.809410545	1
7.319898405	1
7.330750638	1
9.165480482	1
7.235094328	1
9.068493316	1
7.523325117	1
7.572930683	1
10.28438039	1
7.393635197	1
8.314818343	1
10.39958296	1
9.584137353	1
8.870932386	1
8.000723387	1
7.402188327	1
7.803449089	1
7.958884624	1
7.194281355	1
7.331046544	1
10.79979226	1
9.833124237	1
10.37967737	1
10.55838176	1
12.02469986	1
7.669165841	1
7.34024269	1
8.677586869	1
7.708715175	1
7.550301902	1
9.385720737	1
9.247121042	1
7.443312321	1
7.422448491	1
9.178965931	1
7.581672224	1
7.360621305	1
10.06595986	1
8.248731969	1
12.12149655	1
7.342117032	1
7.183938526	1
7.334998595	1
9.892887202	1
7.52432748	1
7.255074561	1
8.497237986	1
7.557706953	1
8.128663106	1
9.628874677	1
8.124558967	1
7.769886099	1
8.325459724	1
7.663809113	1
11.38800357	1
8.088696037	1
8.450477235	1
7.452132137	1
8.49420967	1
7.975344772	1
8.711804639	1
8.329551292	1
8.673144832	1
7.834205628	1
7.363193992	1
7.490821236	1
7.882353849	1
7.406885583	1
7.339936734	1
7.502871187	1
7.529349909	1
9.872930139	1
9.221731062	1
8.139612355	1
8.382288876	1
9.527050802	1
7.239619913	1
9.001652789	1
9.324535458	1
7.788068506	1
9.086990426	1
10.90511159	1
11.35447689	1
7.517372922	1
7.29946188	1
7.721246714	1
9.697028606	1
8.64523281	1
7.2952512	1
9.604842465	1
8.18668129	1
8.123101919	1
7.552276682	1
8.085808607	1
8.708875967	1
7.221786334	1
8.435050304	1
9.2727483	1
8.873644837	1
10.2926147	1
7.508298469	1
8.345185809	1
8.125124888	1
10.89800677	1
7.227930584	1
7.42014739	1
10.20221321	1
7.621047911	1
8.855829956	1
8.882300641	1
8.862937074	1
7.862157072	1
8.527166364	1
7.462105667	1
7.697025801	1
10.38714128	1
10.11875616	1
9.559219588	1
7.242249304	1
10.66128844	1
9.871317235	1
7.645817603	1
7.748088122	1
10.55171527	1
9.578973491	1
12.68544499	1
7.265379392	1
9.584952059	1
9.369655222	1
8.271295626	1
9.634723873	1
9.541240233	1
7.511367278	1
7.142878083	1
7.800039828	1
8.358823317	1
8.568420718	1
8.20148058	1
8.755846451	1
7.574585733	1
7.939221967	1
7.269165344	1
7.334762314	1
8.417647028	1
8.392179036	1
7.199369802	1
10.29367179	1
8.212873265	1
7.518798705	1
9.871619655	1
10.39996495	1
7.7771923	1
7.339978544	1
7.506197472	1
8.183336789	1
9.282917339	1
8.749098336	1
7.532711743	1
9.379358223	1
8.223490899	1
8.103789809	1
9.37535541	1
7.473158653	1
9.917009117	1
9.201875004	1
9.792263432	1
9.202489926	1
8.481757377	1
7.17390712	1
9.432966134	1
9.705152034	1
10.10364615	1
7.539111384	1
10.29937427	1
8.804717602	1
8.864124639	1
7.951346138	1
9.095870829	1
9.983142191	1
7.766888267	1
7.223928446	1
8.67192262	1
8.069140833	1
8.134063935	1
7.257155376	1
8.105637691	1
8.465895434	1
7.228791895	1
7.28598372	1
7.338360871	1
11.14493183	1
8.748860117	1
12.43649918	1
7.889615869	1
11.55790596	1
8.906590127	1
8.593992632	1
8.104429012	1
7.736420539	1
7.794963087	1
7.998606333	1
8.173562857	1
7.314498862	1
9.074786177	1
9.803467187	1
7.429140184	1
8.175980322	1
7.482409661	1
7.276497098	1
8.886661047	1
10.17794886	1
8.590256333	1
8.960622401	1
9.152815945	1
8.343432487	1
8.954265973	1
7.784806739	1
8.815059754	1
8.607165923	1
10.23015392	1
10.15544597	1
9.528769135	1
11.02558182	1
9.94227716	1
8.976530468	1
7.269173167	1
8.972054287	1
7.862519685	1
9.527583172	1
7.927371273	1
9.699789803	1
7.674869547	1
11.66941263	1
8.230325262	1
9.658574735	1
10.56624847	1
10.22491372	1
8.495539342	1
10.99670101	1
9.714274834	1
12.56789577	1
8.9578521	1
9.511830412	1
7.625051051	1
7.309442652	1
9.924185351	1
8.375343288	1
7.777195069	1
9.600144708	1
9.816605817	1
7.639128685	1
7.28197551	1
8.315344257	1
10.33952666	1
9.816791942	1
8.887917555	1
7.621937579	1
8.201599889	1
9.047211191	1
7.192288262	1
7.419055513	1
7.822280272	1
9.452370806	1
8.078121607	1
8.374543939	1
13.79761968	1
7.687750844	1
10.37604536	1
8.962546398	1
8.606112239	1
7.208621815	1
7.568612802	1
8.467075041	1
10.47422011	1
7.268260321	1
9.248487421	1
8.536756568	1
7.623272867	1
7.437074216	1
7.742631809	1
7.18454595	1
7.924102431	1
7.581028056	1
7.819185005	1
7.917395731	1
7.254941818	1
7.894304845	1
7.240519243	1
9.883240413	1
7.188637075	1
9.141110738	1
7.478317963	1
10.19840322	1
10.92479687	1
7.350669901	1
7.756605956	1
8.13255618	1
7.534025344	1
10.42758938	1
10.83842586	1
10.95241937	1
8.422621801	1
9.191887966	1
10.26028457	1
9.699898405	1
7.409401883	1
7.401366746	1
8.986254854	1
9.752086921	1
7.684854607	1
8.817491144	1
7.797579724	1
7.236277412	1
10.20836675	1
8.606320637	1
9.750300259	1
11.6525376	1
12.3493986	1
11.50717056	1
9.113784221	1
8.80705083	1
7.786952823	1
10.11439333	1
9.522994851	1
10.18261883	1
7.242702031	1
8.562349177	1
9.866803591	1
10.2345314	1
10.16701147	1
10.92236859	1
7.976837282	1
7.322089661	1
7.63877072	1
7.200968826	1
7.764673135	1
9.489621818	1
7.34959422	1
7.611464262	1
7.205352808	1
8.291269321	1
9.946848271	1
9.591116599	1
9.378122229	1
7.655816624	1
9.880749443	1
7.832176598	1
10.84155593	1
10.08277123	1
7.290895559	1
8.090505196	1
7.67003768	1
9.826177713	1
7.670874448	1
7.529996654	1
9.05704209	1
7.763870537	1
9.659156663	1
7.94706764	1
10.89034344	1
7.305058398	1
8.258607938	1
7.88371592	1
7.290425002	1
7.787704522	1
7.552715469	1
7.816982191	1
10.00651653	1
7.937653434	1
12.17712972	1
7.731570159	1
7.883072754	1
7.33024631	1
7.487887434	1
8.898621677	1
8.931320532	1
7.352408014	1
9.500234519	1
7.287937549	1
9.079106764	1
9.885917796	1
11.34635631	1
7.587540501	1
9.059696545	1
7.947920053	1
7.211762157	1
9.517050518	1
10.258902	1
7.251752159	1
10.4610447	1
7.181627808	1
8.273194559	1
9.008206836	1
7.471169599	1
10.0755837	1
9.930736846	1
7.469341507	1
7.238188044	1
8.089248982	1
8.711707135	1
12.25623957	1
7.74179802	1
9.505816952	1
8.498195148	1
10.00807322	1
10.73384278	1
7.410395087	1
7.307925288	1
9.417423052	1
9.277412273	1
8.686830113	1
9.458381429	1
10.52272888	1
10.57132154	1
7.482478662	1
8.393954462	1
8.90101601	1
8.776514289	1
7.848308251	1
8.013169055	1
8.991265938	1
8.551584414	1
7.684374052	1
9.909532571	1
7.171866815	1
12.34868548	1
7.605488718	1
9.30443164	1
7.734218482	1
7.461271746	1
7.377650893	1
11.26164226	1
12.77912108	1
9.411513812	1
8.24493541	1
8.612062404	1
8.91908076	1
7.321603183	1
9.457848993	1
8.329635174	1
8.609770426	1
8.989166631	1
13.33519608	1
9.10670865	1
7.221467253	1
7.307644101	1
10.14620602	1
7.95980864	1
13.39988417	1
8.65367627	1
7.552107292	1
7.867804834	1
7.664540672	1
8.002215261	1
7.491213575	1
7.362117764	1
9.941271088	1
7.167056599	1
8.61731281	1
7.721933956	1
11.00292984	1
10.24564682	1
7.324963237	1
10.74413577	1
7.277651084	1
8.043295768	1
9.571956407	1
7.27696482	1
7.273119572	1
9.565522596	1
7.507085909	1
7.946726113	1
8.206532712	1
8.731102578	1
8.497001607	1
7.954783353	1
8.048803659	1
11.79107685	1
7.951969904	1
7.948385477	1
7.903960543	1
7.752930739	1
12.26586079	1
8.501231102	1
7.405441959	1
7.207948032	1
8.234630088	0
8.532945797	0
7.829034675	0
7.797396673	0
7.934634577	0
8.49005347	0
9.444626616	0
7.431562739	0
9.551083228	0
7.219039973	0
7.517772442	0
9.429612787	0
8.769060716	0
8.090782201	0
7.353302585	0
7.493840006	0
8.391285666	0
10.19272736	0
9.195728843	0
7.352600731	0
9.152553714	0
9.214111283	0
9.180949947	0
8.958439968	0
9.180482412	0
8.264324129	0
7.934739647	0
7.851194736	0
8.402031561	0
11.40386377	0
9.58320469	0
10.14688321	0
7.426998306	0
8.640997469	0
7.352536528	0
7.350431071	0
8.047797273	0
7.420182309	0
9.509393542	0
10.17334586	0
7.619135377	0
7.18269023	0
10.25265358	0
7.601719082	0
8.070809823	0
8.742524895	0
9.943529443	0
11.27113911	0
9.508354499	0
9.590385499	0
8.05969116	0
9.74419886	0
9.118790432	0
8.967133062	0
10.40188671	0
9.541022618	0
7.583540779	0
9.142838925	0
11.74025062	0
9.195623364	0
8.497277592	0
8.387542917	0
8.622604277	0
10.04809975	0
7.513067237	0
7.338834507	0
11.36305485	0
7.23985682	0
10.05822851	0
11.61895407	0
8.200577375	0
7.846029948	0
7.395655728	0
8.9163712	0
10.56772291	0
7.674348988	0
7.625380014	0
9.104261747	0
7.453444313	0
8.137415523	0
9.29001962	0
10.09607029	0
7.243057824	0
8.235045792	0
10.26410707	0
8.324035676	0
9.246417311	0
8.896600466	0
9.856368215	0
10.13094703	0
8.302864045	0
7.836198698	0
7.417133638	0
9.251468373	0
9.896568544	0
9.767174753	0
7.874333623	0
8.573619904	0
7.308455769	0
11.21116021	0
8.496775922	0
11.52050312	0
8.902716076	0
8.431438664	0
8.226201033	0
7.553838416	0
7.749211073	0
8.135817353	0
8.195646771	0
7.395042119	0
8.169650716	0
11.09494693	0
8.448624533	0
10.00600728	0
7.251562647	0
7.298857682	0
10.1081723	0
7.396690735	0
8.42308536	0
8.479600888	0
7.402206852	0
11.50424189	0
8.714390922	0
10.03829782	0
8.88169196	0
7.724127546	0
8.91123365	0
10.01869094	0
7.84647798	0
10.69147602	0
8.26436682	0
10.13675913	0
8.130446394	0
9.935884669	0
8.262090369	0
8.05786071	0
9.094160621	0
7.892951297	0
7.827016503	0
9.379680429	0
10.24664969	0
8.85086037	0
7.469081537	0
8.108050697	0
7.65437878	0
9.293357813	0
9.640547943	0
9.105270172	0
8.73077717	0
8.532365208	0
9.820463704	0
9.155590474	0
8.622756881	0
7.788004341	0
7.967699296	0
8.315190824	0
8.524718229	0
8.834848579	0
8.793883032	0
9.410349779	0
7.468218478	0
8.84941239	0
7.35593509	0
8.484881499	0
8.148428089	0
10.25625659	0
8.967305656	0
7.833752218	0
7.317581765	0
10.70542929	0
9.41715728	0
10.19446857	0
7.436861128	0
8.948955978	0
7.306867469	0
7.678125184	0
10.74320476	0
7.415060738	0
7.442648521	0
8.972218269	0
10.43113068	0
8.610981726	0
7.911030188	0
10.51600961	0
11.14835214	0
11.11462341	0
10.87168661	0
8.181669001	0
8.056594671	0
7.775275952	0
8.13603634	0
8.361399781	0
7.583230083	0
8.718160076	0
7.776662358	0
8.150018555	0
7.793338413	0
8.550085322	0
11.30504971	0
8.173229022	0
8.690781937	0
7.896931216	0
8.323602138	0
11.59384996	0
7.207105811	0
8.273820372	0
7.401436634	0
8.457892675	0
11.45569511	0
9.397798364	0
7.492096752	0
7.650025198	0
8.689089546	0
7.896403466	0
7.175247756	0
9.93679552	0
10.16783083	0
7.255270694	0
8.069042638	0
9.047776123	0
9.949419108	0
10.19169972	0
7.582418467	0
7.318083621	0
7.425920272	0
7.519742277	0
10.02331035	0
7.670518996	0
8.18040373	0
10.31737225	0
9.502088683	0
10.43246257	0
7.374477831	0
7.537712778	0
7.362574054	0
7.554238684	0
8.829835149	0
9.138458984	0
8.506993147	0
8.497310286	0
8.007867012	0
7.585814053	0
11.93676144	0
8.816183469	0
8.459869967	0
7.26342212	0
11.42071433	0
8.197558635	0
8.485915828	0
8.119131878	0
9.574725255	0
7.24716964	0
10.52899362	0
8.317057805	0
9.195456016	0
9.126723741	0
12.18581894	0
7.679676079	0
7.801170599	0
10.30321592	0
7.724439202	0
7.787212078	0
7.245908416	0
10.50727886	0
8.529847105	0
9.788526409	0
9.799753786	0
7.316223607	0
9.310087396	0
7.542781218	0
9.592352291	0
7.521531775	0
7.619433311	0
7.237017475	0
9.916837355	0
10.79924004	0
9.896267463	0
7.44890339	0
9.283758971	0
9.642647199	0
9.877250816	0
7.85407622	0
8.023457885	0
8.551494371	0
10.20578669	0
8.982192588	0
7.657024923	0
7.848530188	0
9.953130347	0
7.333415219	0
9.464984194	0
7.686079377	0
7.949579725	0
7.362981644	0
9.609805696	0
11.2689604	0
8.139111354	0
8.360562315	0
7.386674897	0
7.91695742	0
7.434141628	0
8.756038812	0
8.409800992	0
7.571016723	0
7.966182239	0
9.009765519	0
9.640108536	0
8.399847051	0
8.721362088	0
7.301472274	0
8.427038013	0
8.698735227	0
7.422796796	0
8.263539965	0
9.664492889	0
7.54383599	0
7.727536497	0
8.313970118	0
7.25838598	0
9.589922084	0
9.577402375	0
11.26959642	0
7.51219846	0
8.18982489	0
10.77731265	0
7.271609564	0
9.147309504	0
7.829798561	0
9.149139939	0
8.060560109	0
7.61425916	0
7.479731195	0
7.36669408	0
8.842070382	0
9.272199484	0
7.250852323	0
9.682429315	0
7.554699505	0
10.1994173	0
7.845766038	0
9.491147475	0
8.588552052	0
7.714665464	0
7.305286666	0
8.661140673	0
7.786345994	0
8.090519743	0
8.602410309	0
9.417704737	0
7.684815112	0
8.433654241	0
11.67594511	0
8.585103397	0
8.614189909	0
7.804793415	0
12.20566575	0
7.657726434	0
7.598670169	0
7.197295462	0
7.322334111	0
8.64566053	0
7.516782211	0
7.276261057	0
10.89717295	0
8.047395552	0
10.31570321	0
9.137947198	0
12.91870022	0
10.25006419	0
10.16764001	0
9.249832587	0
8.333341709	0
7.533222819	0
7.980921371	0
8.411699786	0
7.579977899	0
7.342776328	0
10.47302443	0
11.77710988	0
8.509066087	0
9.025557904	0
8.359972912	0
10.14716607	0
9.659614429	0
9.082844842	0
9.73804037	0
8.983960943	0
7.214202418	0
7.276872918	0
8.936241617	0
7.872456284	0
9.637925634	0
9.329047428	0
10.04591967	0
8.083806386	0
8.884074337	0
10.32907759	0
7.968742438	0
10.45678098	0
8.802113742	0
9.29426329	0
7.740521988	0
10.13655299	0
7.278356413	0
10.16459556	0
7.430339919	0
11.85038309	0
9.176023541	0
7.190902351	0
7.169515883	0
10.86430548	0
9.154263007	0
8.604385684	0
9.650847705	0
7.479966823	0
8.329307778	0
10.01711081	0
7.253634629	0
9.595987567	0
7.222387805	0
7.437653806	0
10.69240951	0
8.868738516	0
8.3176776	0
7.361606012	0
8.792156438	0
9.894987254	0
10.47960813	0
8.53201071	0
9.96491693	0
8.841121978	0
7.428672989	0
7.646267602	0
9.102407459	0
9.65455541	0
7.510228716	0
8.11862893	0
9.483660083	0
8.888479252	0
7.374334967	0
8.159362557	0
8.756078941	0
7.518612158	0
8.097203375	0
7.708761819	0
7.878748104	0
8.420835921	0
7.381566413	0
7.621662288	0
9.79665886	0
7.288518993	0
8.898301344	0
8.843746495	0
7.377945939	0
7.476598808	0
7.383967328	0
7.674622161	0
7.631706922	0
7.213862618	0
7.180790593	0
7.146881217	0
10.65470016	0
7.598289133	0
9.066779839	0
9.470126683	0
10.7594956	0
12.08965603	0
8.759872011	0
8.962292673	0
7.581250126	0
8.917706937	0
7.530820534	0
7.626911308	0
8.914863394	0
7.220894105	0
10.19125321	0
7.260919166	0
8.868906472	0
9.476389233	0
9.069117275	0
7.617390517	0
8.747873558	0
8.215659179	0
7.237475405	0
9.108339816	0
10.45092643	0
9.681736564	0
10.23302347	0
10.90087455	0
9.09375472	0
8.524287718	0
7.319900663	0
11.00784262	0
10.01007648	0
8.49593772	0
10.05101976	0
7.597253682	0
11.51909262	0
7.367572535	0
9.804394448	0
9.239742431	0
7.426731606	0
7.639484457	0
7.550805062	0
7.503265548	0
9.550365899	0
10.42726449	0
7.949844147	0
9.441213875	0
7.24835086	0
8.805513186	0
7.296970849	0
7.318149434	0
7.328880727	0
9.064282624	0
7.413004323	0
8.204715769	0
8.022143911	0
7.386911436	0
7.835869294	0
9.124850261	0
7.998549924	0
8.420369863	0
8.347446013	0
10.22384565	0
7.780863345	0
7.355529294	0
7.645692869	0
11.11632082	0
9.298219718	0
8.542905003	0
7.553758853	0
10.00512974	0
7.750789318	0
8.053542442	0
7.25185632	0
8.800627793	0
7.679294689	0
10.29477574	0
12.20380784	0
7.2888342	0
8.331442517	0
7.779553078	0
11.37253717	0
7.421600126	0
8.445018382	0
9.328415672	0
11.18551195	0
9.236199931	0
9.778497561	0
7.360303343	0
9.024425529	0
8.574501814	0
7.226825285	0
9.400775181	0
8.305407794	0
9.38772103	0
7.277946227	0
8.73938939	0
7.437013571	0
9.69093082	0
9.78386074	0
7.530661539	0
7.551355676	0
8.223137691	0
8.689988335	0
7.221047406	0
7.212830369	0
7.287236176	0
7.242528596	0
8.234488214	0
10.01617366	0
9.692233106	0
10.65387742	0
8.023376806	0
8.427327371	0
7.760819459	0
12.12705243	0
8.577042661	0
8.190644135	0
9.462723054	0
7.589619563	0
11.07634467	0
7.578505234	0
7.37503921	0
8.305674412	0
9.582996898	0
7.38039289	0
9.975694289	0
8.292848927	0
9.75851995	0
7.536993851	0
9.056214153	0
7.427502745	0
8.636771373	0
8.524742574	0
8.560091246	0
7.444824629	0
13.23166387	0
8.399014281	0
8.670731476	0
9.727688103	0
11.80608872	0
8.088483688	0
9.860799738	0
7.913558796	0
7.346311023	0
7.431423147	0
9.730891954	0
9.455553697	0
7.492353446	0
7.629983868	0
7.458062077	0
7.915326106	0
7.441556397	0
9.162333427	0
11.62720687	0
7.48044905	0
7.392124985	0
7.665965181	0
7.558166785	0
8.082912275	0
9.506464313	0
10.73870083	0
7.273998113	0
10.60631028	0
11.45349979	0
8.73702646	0
10.15681611	0
7.553175181	0
7.510263846	0
7.377900334	0
11.18866315	0
10.67068824	0
8.274966063	0
11.41099558	0
12.74393872	0
7.464884153	0
8.275570107	0
7.275826139	0
8.62788309	0
7.573826724	0
8.484316453	0
7.195105492	0
11.41614382	0
8.741328973	0
14.61047436	0
7.527273625	0
9.156134561	0
9.721567301	0
7.986375048	0
10.65964797	0
7.578518449	0
8.63492784	0
7.902774686	0
8.357780032	0
8.505735875	0
9.944075489	0
8.297450917	0
8.657367673	0
7.188888341	0
8.802710384	0
10.44072218	0
7.231795618	0
8.953891975	0
8.027938097	0
10.64820945	0
7.220784936	0
8.539840541	0
7.744663271	0
7.633068249	0
9.337757849	0
12.06864684	0
7.582332687	0
8.538857645	0
7.294567288	0
7.433059341	0
7.850195598	0
7.322221066	0
7.544026118	0
7.429251627	0
7.374168124	0
9.903223966	0
8.286351836	0
8.300722869	0
8.086363835	0
11.22478467	0
9.517909757	0
7.432976175	0
11.12095739	0
7.9435249	0
7.286812114	0
8.003605244	0
7.826122049	0
7.784568609	0
9.205800131	0
7.170207792	0
7.443755067	0
10.76643914	0
7.681251508	0
7.364646571	0
9.969685141	0
7.691726311	0
7.329082468	0
7.268062115	0
7.656875742	0
12.16438588	0
7.60942787	0
8.571666786	0
7.26734003	0
7.675773056	0
10.52127178	0
8.770445995	0
11.61537492	0
9.342397389	0
11.54269443	0
9.171100345	0
9.083631647	0
10.06492042	0
12.23087158	0
11.02925189	0
12.3088613	0
7.397009481	0
9.624290372	0
8.391717076	0
9.365466589	0
9.365280001	0
9.140204022	0
7.421034484	0
9.493623577	0
8.971395566	0
8.558523017	0
10.80683649	0
11.47599044	0
7.677700179	0
9.002732434	0
7.316953966	0
7.489515371	0
10.36315359	0
7.39997071	0
8.385484719	0
10.0418993	0
8.116920068	0
8.305854653	0
11.85804093	0
7.438271793	0
8.044153814	0
7.216993354	0
7.313576742	0
7.573264338	0
9.92425524	0
8.981486902	0
7.625848609	0
7.297751259	0
8.506552516	0
9.058144838	0
8.301741165	0
7.341790734	0
7.657999073	0
8.0211364	0
8.403049328	0
7.502573903	0
8.393058088	0
8.35016937	0
10.60156605	0
7.383882168	0
9.004101641	0
8.018451653	0
9.276609727	0
8.016428254	0
9.452464765	0
8.067188701	0
9.562476787	0
9.354549724	0
7.69278421	0
12.41311303	0
7.311054134	0
7.746788213	0
8.116702231	0
7.810988452	0
10.88414206	0
10.03257175	0
7.691038115	0
10.76244864	0
8.550071976	0
9.103205202	0
7.356508999	0
9.240454169	0
7.483357519	0
7.352058874	0
8.73574865	0
10.65438599	0
8.520109186	0
7.351534127	0
10.95833794	0
7.826746487	0
7.361118618	0
8.886959683	0
7.588270656	0
7.374322655	0
7.332727695	0
7.579026391	0
9.481377592	0
8.728888416	0
9.794506268	0
8.669544386	0
8.955563237	0
8.984389651	0
9.887098502	0
7.985419824	0
9.320534387	0
11.84311661	0
10.47446375	0
8.351400955	0
7.787460441	0
9.399679729	0
9.838491618	0
8.327467297	0
7.30558574	0
7.423885596	0
8.334204621	0
8.971998678	0
9.457398283	0
12.82856251	0
7.781035697	0
7.747049621	0
9.460191547	0
9.615056744	0
7.320027541	0
10.79327112	0
7.246332053	0
8.195185659	0
9.639389752	0
7.285693445	0
10.9856687	0
7.363351602	0
8.184713097	0
9.100008053	0
7.287268669	0
8.677812409	0
8.328607901	0
7.927311112	0
9.647410329	0
8.155161644	0
7.385943345	0
8.488224224	0
7.672801039	0
7.660789555	0
7.989171645	0
10.63435551	0
7.267779126	0
7.493325055	0
8.684327595	0
13.78144002	0
9.94604226	0
8.691761462	0
8.00093198	0
8.283648787	0
8.672403733	0
13.70702095	0
7.325624071	0
7.305771971	0
8.17765141	0
9.116451535	0
7.986979685	0
8.79547971	0
7.827796478	0
8.734121263	0
8.56671226	0
7.400340952	0
7.909945653	0
7.51199664	0
8.587527929	0
7.818658651	0
8.034564533	0
7.414683431	0
8.786980894	0
7.749388331	0
7.462678016	0
8.467695775	0
10.4286624	0
8.006935552	0
9.332349213	0
8.976362014	0
11.98983614	0
11.18954026	0
9.232777584	0
8.140808274	0
7.38109044	0
8.490289976	0
7.288811149	0
7.84695461	0
8.453169907	0
9.166782492	0
8.849024647	0
10.15031688	0
7.992297447	0
7.617044834	0
7.714542376	0
7.972653877	0
7.748686059	0
10.99628549	0
8.362392748	0
7.799851553	0
7.910167805	0
8.767352899	0
8.723389688	0
9.750059106	0
7.333434367	0
7.691751307	0
8.227592187	0
7.468577411	0
8.983982568	0
7.41391221	0
10.17141641	0
7.555526254	0
7.964668115	0
8.334013092	0
9.248564719	0
9.57866367	0
8.824396486	0
9.046439662	0
12.9880894	0
8.832506005	0
7.29506655	0
9.895244124	0
8.783991591	0
9.023675609	0
9.975324187	0
8.500879207	0
7.669128719	0
8.136860444	0
9.367079151	0
7.270448273	0
8.065818035	0
10.06875018	0
8.398700536	0
9.054794883	0
9.833156423	0
7.749920442	0
9.668741194	0
7.661511236	0
10.01003465	0
8.866428589	0
7.551524146	0
8.5209433	0
11.5056067	0
8.766609459	0
11.96097547	0
8.831171735	0
10.2856539	0
7.460145949	0
8.413606409	0
8.83943747	0
8.230731383	0
8.27755622	0
7.499529214	0
7.657830247	0
7.461916878	0
7.258350859	0
8.843572085	0
7.465227422	0
8.166857979	0
8.340494626	0
8.454757917	0
7.196780955	0
10.82235353	0
9.448011495	0
8.913589396	0
9.195944639	0
8.104149701	0
11.69840134	0
8.204960951	0
7.304527119	0
8.129671502	0
8.661698176	0
9.0122266	0
9.022817512	0
7.308013376	0
9.004421107	0
9.324026494	0
8.505669908	0
7.30434715	0
8.832326272	0
8.821752493	0
8.872498978	0
9.691676022	0
7.972083538	0
8.449740349	0
9.184916069	0
9.654693475	0
9.916652175	0
10.41126847	0
9.072698988	0
7.974870286	0
7.471368647	0
8.721161454	0
7.256916101	0
7.508026678	0
8.583184764	0
11.73362241	0
8.064311083	0
11.55032554	0
7.235672192	0
11.26834403	0
11.86313093	0
10.38066744	0
8.190662227	0
7.152577433	0
7.861601775	0
9.923009202	0
7.661961894	0
7.576248721	0
9.402167329	0
7.353274405	0
7.429440033	0
8.125558349	0
7.31302639	0
8.175750389	0
7.1922658	0
8.064863045	0
7.432616991	0
9.564124653	0
7.534896305	0
9.574252376	0
7.732905539	0
8.129437409	0
7.865577634	0
9.663134311	0
7.343503544	0
10.8086818	0
10.54003952	0
7.803152626	0
7.839637403	0
9.075837122	0
9.092792685	0
7.222727896	0
8.139444525	0
7.275921972	0
11.88600202	0
7.436978749	0
9.72343019	0
7.29745941	0
7.824172748	0
7.623281935	0
7.328104133	0
9.127851122	0
7.736559194	0
7.490404939	0
9.441717744	0
12.75795946	0
9.345616336	0
8.707535624	0
9.560872277	0
9.070632529	0
8.075596073	0
9.739984405	0
7.301078424	0
9.801786838	0
7.964497007	0
9.712746045	0
9.570826824	0
9.480403721	0
7.871583734	0
7.169889038	0
11.84658294	0
7.423294198	0
11.7194165	0
7.958747429	0
8.758242669	0
9.634982257	0
7.751549723	0
8.038806239	0
7.831675358	0
10.12455364	0
8.356400549	0
7.339435108	0
7.311496651	0
9.931102254	0
8.16713348	0
9.167341194	0
8.515698531	0
9.171074065	0
7.688573593	0
7.297090626	0
8.997996486	0
7.307521053	0
9.705542631	0
9.548578816	0
7.37786636	0
8.594382761	0
9.459032841	0
7.756397435	0
9.224931369	0
10.59779739	0
7.674071236	0
9.387120994	0
7.624809814	0
7.688562294	0
7.348850337	0
7.804875525	0
7.262327884	0
7.637703133	0
7.226416989	0
10.06203692	0
9.362798207	0
7.498972721	0
9.803969098	0
7.663272339	0
8.014298884	0
10.17805969	0
7.542716694	0
10.37570023	0
10.32385435	0
10.36235415	0
7.478581611	0
8.610755189	0
8.507106676	0
7.154525536	0
9.958174123	0
10.01982751	0
7.359628403	0
7.740644489	0
8.810540694	0
8.128817495	0
7.284790596	0
9.680443473	0
8.633790265	0
7.858875058	0
11.07915914	0
11.5623686	0
7.392073357	0
7.222156653	0
7.347253339	0
8.350262983	0
12.46898186	0
8.637089513	0
8.023442921	0
8.950798641	0
7.649128347	0
10.13366161	0
8.085235204	0
7.752977759	0
7.459202361	0
7.95223237	0
9.283051114	0
7.686056116	0
8.099079244	0
9.030723527	0
11.9532046	0
7.363492911	0
8.841972122	0
8.839918213	0
7.354904749	0
7.374139326	0
7.785923008	0
9.988022199	0
12.47516202	0
7.218500885	0
8.239928755	0
8.427654357	0
7.540805061	0
10.55882598	0
8.852304259	0
7.314547713	0
8.54664717	0
10.61669172	0
9.162746887	0
10.18423664	0
9.029930523	0
8.290965629	0
7.257108963	0
9.769407525	0
8.864653109	0
11.79070245	0
8.054626319	0
8.193022385	0
7.694373289	0
9.028811677	0
7.29453355	0
9.27270146	0
9.035902199	0
7.195695174	0
8.153990119	0
7.874947199	0
7.51819022	0
9.088978384	0
12.66074471	0
9.520775211	0
9.330879166	0
7.65678153	0
7.326789587	0
7.665894302	0
8.145619427	0
7.691448452	0
7.310381475	0
7.925372461	0
7.302716891	0
7.665715129	0
7.577577176	0
8.845636788	0
8.176538806	0
8.233509782	0
9.507251904	0
8.456839213	0
7.993310847	0
7.538332558	0
7.195086008	0
7.242790887	0
7.861206756	0
7.382174466	0
7.213360708	0
8.457502456	0
8.401043059	0
7.862009213	0
8.101733133	0
7.272971826	0
7.397790378	0
9.768715861	0
9.97987689	0
7.564641359	0
11.63308711	0
9.947344657	0
8.117178328	0
7.444923574	0
8.401628356	0
7.485785317	0
8.508315245	0
7.267413198	0
9.371292029	0
8.012731072	0
8.636421546	0
10.52208238	0
7.301915434	0
8.132049202	0
10.36443328	0
9.318521537	0
7.313798712	0
9.976683039	0
9.751198741	0
7.47472176	0
7.728912879	0
7.180650787	0
7.324785188	0
7.82131414	0
12.14812818	0
8.662210848	0
7.68978849	0
9.981114672	0
7.527424534	0
7.480298816	0
10.06066176	0
8.796828401	0
8.410401605	0
7.374562987	0
7.544983017	0
7.192410106	0
7.487311459	0
7.309307228	0
8.495991231	0
9.268035453	0
8.763148202	0
8.560733224	0
7.250350736	0
7.239685609	0
7.763681997	0
7.187732322	0
8.581937917	0
7.458854445	0
7.583305428	0
9.146573181	0
7.735535089	0
8.658847449	0
8.044685087	0
10.63599512	0
8.591995275	0
10.30173256	0
8.523708363	0
9.000399802	0
8.480277341	0
7.296550417	0
7.50372802	0
7.275693396	0
8.489695098	0
7.41817097	0
7.831951307	0
7.700911204	0
7.672580397	0
7.603281183	0
7.324149316	0
8.015376768	0
9.742166725	0
7.594266942	0
9.881258592	0
8.71070549	0
8.320198909	0
7.98861441	0
10.521543	0
9.45588613	0
8.672058833	0
9.222480917	0
8.163746991	0
10.68851026	0
10.2046715	0
8.711448082	0
10.48363023	0
11.64612846	0
8.943074748	0
8.868813831	0
7.983122133	0
7.552679035	0
10.79431385	0
7.404803279	0
10.11003815	0
9.966023544	0
9.185815129	0
8.350273206	0
8.694359537	0
7.226286108	0
7.310146168	0
7.298667228	0
8.49903249	0
7.206207589	0
11.13552126	0
8.258353784	0
9.6527651	0
10.11154868	0
12.3054787	0
7.679284005	0
7.34924319	0
9.516164559	0
9.152415613	0
10.02629594	0
7.480691696	0
7.205980006	0
9.046042953	0
9.927523366	0
7.429326011	0
7.1865429	0
8.507985657	0
10.8271924	0
8.996429698	0
7.369958715	0
8.000068447	0
7.718311058	0
8.358521592	0
7.939844342	0
7.681677442	0
8.946059314	0
7.46354556	0
8.295437232	0
7.83600061	0
7.683402173	0
8.150753683	0
9.285272699	0
9.131757291	0
7.833619647	0
7.704257524	0
10.04721302	0
7.611128489	0
7.271742968	0
7.706908403	0
7.19192895	0
10.07080129	0
7.821525264	0
8.143442385	0
8.267933953	0
7.969726902	0
7.558622583	0
7.418326178	0
8.777247636	0
8.797189376	0
9.027797699	0
8.45728013	0
9.176828027	0
8.222620644	0
7.446625596	0
8.203265639	0
10.28497766	0
7.298180122	0
8.371111122	0
7.278602378	0
7.845347073	0
9.171121404	0
7.772809943	0
7.818461909	0
7.40976039	0
7.551383286	0
7.587016156	0
8.282718751	0
8.851403903	0
8.963500853	0
10.0771444	0
11.99719178	0
8.530956711	0
9.515737	0
7.584183619	0
7.764651269	0
7.836040005	0
7.529670465	0
10.9415445	0
7.497080134	0
12.28672748	0
7.680009211	0
10.30185147	0
7.326079267	0
8.979033471	0
7.348194847	0
10.02503963	0
9.424802733	0
9.594234053	0
8.8861727	0
9.352771768	0
7.492777455	0
8.428848955	0
7.850792489	0
8.5776096	0
7.860303016	0
7.409895125	0
7.645638299	0
7.216627185	0
9.727950564	0
7.326378144	0
9.903869954	0
9.014841503	0
7.30194837	0
7.453542024	0
8.578018548	0
8.479917112	0
10.81003989	0
7.405964167	0
8.020336237	0
9.217009543	0
8.948597127	0
10.22390756	0
7.405898242	0
8.214836452	0
7.466419473	0
9.166189776	0
8.735825227	0
8.464129307	0
7.205096107	0
8.659976732	0
10.56058426	0
7.592244125	0
8.450842909	0
7.807179975	0
8.08345143	0
7.946728066	0
7.489029032	0
8.259757838	0
7.356314795	0
7.438629281	0
7.468579952	0
8.338725262	0
8.778293279	0
8.538841827	0
7.262457589	0
9.194129685	0
7.882565361	0
7.151209625	0
8.567275535	0
7.914040206	0
11.94661067	0
11.08795647	0
8.263722928	0
7.564003683	0
10.49706366	0
9.618499305	0
10.01541273	0
9.049328792	0
7.801275796	0
8.104730087	0
7.740081711	0
7.964684498	0
12.38502799	0
8.495814855	0
8.136942815	0
7.416466274	0
7.29319097	0
13.75786885	0
7.433723838	0
8.830662018	0
8.45809515	0
9.368160794	0
7.659624899	0
7.164012969	0
10.03463242	0
7.603714532	0
9.416539582	0
7.933510907	0
10.3074352	0
8.820202188	0
9.966193716	0
8.032839059	0
7.309696036	0
7.653759415	0
8.517932114	0
7.938920184	0
7.944037701	0
7.241332411	0
11.57005745	0
8.627652893	0
7.536542826	0
11.00558975	0
7.662972044	0
9.262242041	0
8.544451195	0
8.272531114	0
7.509439632	0
7.691032098	0
9.259297211	0
8.689709849	0
7.571162122	0
11.67175384	0
7.803090081	0
10.00076134	0
8.468921081	0
7.522337745	0
7.72332062	0
10.04908515	0
9.179316572	0
7.781573543	0
7.383038825	0
7.473481408	0
8.767257979	0
7.415933109	0
8.169336617	0
7.206600763	0
9.641601011	0
7.310885175	0
7.661899761	0
7.59464149	0
8.999752338	0
7.877503494	0
12.46608275	0
7.383481628	0
10.46591524	0
7.443849852	0
7.273474443	0
8.022228259	0
10.58262242	0
12.09106215	0
10.4950047	0
7.954672515	0
8.82178094	0
11.7720596	0
7.218076913	0
7.16120901	0
7.329200489	0
7.422829281	0
7.304350149	0
9.129786297	0
9.58767856	0
11.38720683	0
9.463367339	0
8.81904717	0
7.340412784	0
7.678979438	0
7.492566546	0
9.552266674	0
8.376568387	0
9.419613926	0
8.758656194	0
7.242567541	0
10.29647063	0
7.681547843	0
7.55396927	0
7.222972205	0
9.731008098	0
7.209873095	0
7.921948388	0
13.44229945	0
7.395818172	0
9.0313495	0
9.036456795	0
8.074934378	0
7.402235004	0
7.303523785	0
7.286771823	0
9.416541383	0
10.78498764	0
8.900870296	0
9.480313233	0
7.334364798	0
9.878540775	0
7.366270825	0
13.97741475	0
7.973097859	0
8.276957154	0
7.38221206	0
7.357419277	0
7.499800966	0
9.054039957	0
7.93358175	0
11.08792698	0
11.49582197	0
7.301850701	0
7.815538267	0
7.398292514	0
7.381238863	0
7.933387405	0
7.596976633	0
7.38048405	0
7.31854476	0
8.2232072	0
7.610252316	0
10.54786587	0
7.799869106	0
7.372140069	0
7.593681512	0
7.427763135	0
11.63149114	0
7.537241494	0
7.545482441	0
8.848479364	0
7.487874426	0
8.840812974	0
7.927635283	0
7.684275915	0
8.874774498	0
8.447902311	0
7.306962681	0
9.387348347	0
9.023714748	0
7.718798475	0
7.816990619	0
7.581871436	0
7.577542479	0
7.496681536	0
10.42217825	0
7.96670428	0
10.50467489	0
7.418256405	0
10.08180091	0
7.821700902	0
7.3712841	0
9.569818754	0
9.414991297	0
11.87770814	0
11.72393343	0
7.27734226	0
7.675671034	0
7.456248448	0
8.207452353	0
8.457603125	0
8.494121126	0
7.417878647	0
7.98484788	0
7.365565472	0
7.971676472	0
8.374088369	0
9.421656473	0
8.533439802	0
8.850103236	0
12.81952499	0
7.454902445	0
10.09289708	0
10.82541112	0
7.729418674	0
7.315847218	0
7.248895282	0
7.516718759	0
7.170043496	0
7.462929771	0
8.315931627	0
9.765468495	0
9.92560008	0
8.281710354	0
8.058843275	0
8.592343701	0
9.017024812	0
8.081285904	0
9.279276262	0
7.423368334	0
7.602047149	0
7.352639519	0
9.283744017	0
9.021930825	0
9.744365141	0
10.78819742	0
10.08938118	0
8.102677241	0
10.64200181	0
8.50946657	0
7.523653457	0
8.858946809	0
8.138946278	0
9.531570988	0
8.98030248	0
7.321618305	0
8.163395244	0
7.671191865	0
7.957180745	0
10.78597456	0
9.098689338	0
8.874095979	0
12.32212295	0
7.413757015	0
7.278349463	0
9.160946188	0
9.51066333	0
8.301763197	0
9.936777845	0
8.27418877	0
8.272170146	0
9.728102862	0
9.067948832	0
11.2464133	0
8.916629173	0
7.791740521	0
10.07651867	0
8.321991942	0
8.732612402	0
9.065156698	0
9.756948765	0
10.96666912	0
10.02024733	0
7.451178899	0
10.63130025	0
8.014689202	0
8.907478023	0
8.537842162	0
11.27846551	0
9.320198965	0
8.754467826	0
11.39194355	0
7.673552913	0
9.129305142	0
7.513358246	0
7.237955833	0
9.336832566	0
7.406696206	0
8.932824473	0
7.48062237	0
7.566634752	0
8.954754158	0
7.931400911	0
8.575854857	0
8.719350701	0
7.507492709	0
10.41335654	0
9.07609472	0
7.336144896	0
7.187301984	0
10.98274332	0
9.849612754	0
9.561692809	0
7.34749405	0
9.008024946	0
7.31331797	0
7.848886433	0
8.171098693	0
7.692272242	0
11.87768432	0
8.556900697	0
11.20849179	0
7.508460518	0
7.427679509	0
10.9912927	0
9.469373609	0
7.240368298	0
7.503174668	0
7.416778074	0
14.19113425	0
8.873467214	0
7.35917338	0
7.286174874	0
8.801793534	0
8.245491696	0
10.42789785	0
7.323168169	0
7.268570822	0
7.60094818	0
8.573279142	0
9.670971636	0
7.562024456	0
7.145402241	0
13.78941123	0
8.874981082	0
7.57091534	0
7.32829532	0
7.458270148	0
11.10932683	0
12.37706682	0
7.157506775	0
9.247147526	0
7.270609519	0
8.353785914	0
8.606434021	0
7.765893094	0
10.91442482	0
7.990550904	0
8.236691705	0
7.379841222	0
7.179436721	0
8.201918605	0
10.03454845	0
7.491170117	0
10.24445562	0
7.377714085	0
7.535751401	0
7.466591641	0
9.407109607	0
8.578915191	0
9.142200451	0
9.506843839	0
9.71766449	0
8.33021638	0
9.897409343	0
7.291888861	0
8.045860426	0
10.75598591	0
10.61458044	0
7.707334841	0
7.861347737	0
9.847843176	0
9.044466457	0
7.159209756	0
7.236189572	0
7.360456479	0
7.143656303	0
8.515898781	0
9.902826328	0
8.6861322	0
9.708875102	0
8.073476885	0
7.268724068	0
8.80016094	0
7.405296398	0
10.09738737	0
7.311348397	0
7.991399729	0
8.74066917	0
7.767771844	0
7.399892353	0
9.164079627	0
10.61443928	0
8.754930585	0
9.292057495	0
7.315899879	0
8.855820062	0
8.979852477	0
10.0385212	0
7.339609398	0
7.277591818	0
7.326440841	0
7.290530474	0
8.761041377	0
7.209629169	0
10.05108442	0
7.638275267	0
7.433532537	0
8.231438267	0
8.503516722	0
9.091583379	0
7.432393049	0
8.845159324	0
7.304097987	0
7.300146785	0
7.311875859	0
7.232574704	0
7.688487877	0
7.227291913	0
7.441358532	0
7.648803849	0
7.468128277	0
8.587158816	0
7.275765759	0
7.963746775	0
11.27255192	0
7.659720614	0
7.246939894	0
7.701566867	0
7.353278425	0
8.587330189	0
7.525438892	0
7.942870251	0
7.352397637	0
8.114438279	0
10.49971738	0
7.439893421	0
7.959016035	0
11.75553354	0
8.958901711	0
8.766913094	0
8.439495592	0
8.103665452	0
8.199647498	0
11.10522126	0
9.576044698	0
7.806300386	0
7.224520537	0
7.439509806	0
7.645500886	0
7.663098529	0
9.015587495	0
7.554209224	0
8.12792596	0
10.93212178	0
7.669230384	0
9.037541523	0
8.885252142	0
8.250530344	0
8.112255086	0
7.657752619	0
9.312523898	0
9.057099022	0
7.389180184	0
7.861513137	0
9.338098603	0
7.82955773	0
7.404643943	0
9.275044242	0
11.09908511	0
11.0178594	0
8.165991279	0
7.777375904	0
8.381231643	0
7.441489515	0
11.88589698	0
7.360946728	0
7.899931425	0
7.282925025	0
7.940004799	0
8.657417785	0
7.29185823	0
7.985604567	0
9.793375698	0
7.810733484	0
8.270287274	0
7.378660908	0
8.400782097	0
7.625267015	0
8.248877675	0
8.033948994	0
7.686764773	0
7.768632029	0
7.756272584	0
11.59321456	0
7.75809664	0
9.74442718	0
8.67080841	0
7.398687705	0
10.35032843	0
7.80607924	0
7.239995985	0
10.4925887	0
7.268485564	0
7.751407114	0
9.007764489	0
7.530208037	0
8.472391703	0
7.275119659	0
7.804340048	0
7.378307187	0
7.566361242	0
7.443035048	0
7.306183162	0
9.877444018	0
7.464321096	0
7.448547881	0
7.691640712	0
7.328866969	0
7.339900302	0
7.475076173	0
8.370087	0
9.080277925	0
11.19572942	0
8.535392316	0
8.13334931	0
7.276337051	0
7.381158642	0
8.140129165	0
13.44281929	0
8.64288288	0
8.842953157	0
7.238553218	0
10.72444008	0
8.697874813	0
9.244756174	0
7.45269397	0
7.866966097	0
8.016830749	0
7.290057567	0
7.300459518	0
7.574616248	0
9.436345011	0
8.931303606	0
7.349757809	0
9.494446156	0
10.97210784	0
8.085090395	0
7.310105598	0
7.202321272	0
7.215115236	0
7.668339285	0
7.403588608	0
7.429357635	0
9.218480874	0
7.427816135	0
9.49901264	0
9.890943583	0
9.233319173	0
10.00503791	0
7.756730702	0
8.3115349	0
7.581419175	0
7.43792666	0
7.732216461	0
7.342705887	0
7.670926927	0
9.726630235	0
8.021715589	0
7.225266119	0
8.328890557	0
11.75950149	0
10.73268101	0
7.947590142	0
7.47839387	0
10.25162692	0
9.176802069	0
7.932136793	0
7.404339805	0
7.41727654	0
9.109819713	0
10.49662952	0
9.025964568	0
8.607037777	0
7.326325985	0
11.68306198	0
8.556432142	0
9.428030384	0
7.538596207	0
9.717557564	0
12.68739156	0
7.726270645	0
9.778142657	0
8.383363016	0
8.712131493	0
8.547739844	0
11.70064368	0
8.048889151	0
8.289406744	0
7.307997535	0
7.354064324	0
9.149889087	0
7.4739651	0
10.23061223	0
8.484224781	0
10.26550618	0
7.662609303	0
9.703669839	0
8.691620752	0
8.076081204	0
7.984954881	0
11.83644671	0
9.228188784	0
7.173960147	0
7.222271994	0
10.540918	0
7.340594001	0
10.5969819	0
7.457377358	0
8.291550373	0
7.268951163	0
9.926666911	0
7.919215028	0
9.500447986	0
8.065271573	0
9.77787494	0
8.094736939	0
7.600168738	0
7.3137123	0
11.03214477	0
9.369256959	0
9.638444461	0
8.355706464	0
7.971483213	0
11.62536972	0
7.663834281	0
9.955267957	0
7.279842114	0
11.3959764	0
9.11055376	0
10.25765416	0
10.51416901	0
11.51256056	0
10.17108399	0
7.269802448	0
8.455669013	0
8.033418334	0
7.860451075	0
8.067594629	0
8.677695885	0
7.530983717	0
9.830682455	0
9.82954985	0
9.682537487	0
8.283652431	0
7.634384761	0
9.06826485	0
11.33008073	0
7.293605215	0
8.266615406	0
7.190241097	0
7.461309891	0
9.204041631	0
12.10159198	0
7.168265651	0
9.974241486	0
7.412679844	0
8.979861251	0
8.701386937	0
7.75977567	0
12.37004594	0
8.397486078	0
7.555647028	0
7.375970444	0
7.389292464	0
8.07649768	0
10.38898564	0
9.729278936	0
13.15306628	0
10.1945482	0
7.432898169	0
8.300251883	0
7.428439176	0
9.464567498	0
7.388262791	0
8.849218375	0
9.398208802	0
8.705402242	0
9.085425636	0
10.70965243	0
8.059720406	0
7.371606234	0
7.311597022	0
7.396643583	0
13.57506313	0
10.6911252	0
7.350557399	0
7.847648231	0
10.61605202	0
7.156095594	0
8.932732693	0
7.931360077	0
7.877486905	0
7.743327917	0
12.7882467	0
7.214962721	0
7.54029687	0
9.13227664	0
8.867060821	0
7.450481506	0
8.674769774	0
10.22758015	0
8.520209878	0
9.364288529	0
7.28297028	0
7.640433834	0
7.645902029	0
8.000133871	0
9.577249073	0
7.554393582	0
7.920943813	0
7.428384701	0
9.016013654	0
8.371791685	0
12.87031494	0
10.2177231	0
8.644271517	0
9.345762659	0
8.792688438	0
9.081305302	0
8.620992041	0
7.160777389	0
7.697180007	0
9.287113662	0
7.784369841	0
9.316103132	0
9.113877038	0
8.131979321	0
8.884083214	0
8.167299548	0
7.542087955	0
8.019214269	0
9.337035597	0
8.303729923	0
7.215250396	0
9.207415882	0
9.071548695	0
7.872545644	0
9.007243036	0
7.911396802	0
8.560859152	0
7.858158475	0
9.843418292	0
7.368242351	0
7.289473048	0
9.324570822	0
7.528698144	0
10.26867087	0
8.907355681	0
7.332451717	0
9.682175229	0
8.212101359	0
7.302294416	0
7.823162527	0
7.707478538	0
7.897279143	0
8.248869662	0
8.215756988	0
7.723658925	0
9.017193966	0
8.325623675	0
8.021217456	0
9.506184457	0
7.319420674	0
7.368289429	0
7.450090508	0
7.814522643	0
7.487666044	0
10.93787934	0
7.717261981	0
8.198824104	0
7.358408277	0
7.448043275	0
9.414655315	0
11.44981822	0
7.22962066	0
8.731692862	0
8.323426686	0
11.93002496	0
9.254111271	0
10.76164796	0
8.920155875	0
7.217399684	0
7.275017834	0
7.834524127	0
7.586106904	0
9.213656896	0
8.107306733	0
8.048463218	0
8.31357583	0
7.615962139	0
7.986058964	0
10.09165469	0
11.60992695	0
7.177119306	0
9.077822279	0
7.329744788	0
11.34668419	0
7.469380393	0
8.062471274	0
7.634884687	0
8.668903745	0
10.47161682	0
7.284491944	0
9.027245907	0
10.42808405	0
9.614500352	0
10.78645879	0
8.835972662	0
8.908468007	0
9.318259541	0
7.934505236	0
8.193868008	0
7.813417452	0
7.386504756	0
7.245465633	0
10.62255993	0
11.26177913	0
9.00708727	0
9.439311486	0
7.489261684	0
8.521570079	0
7.912655425	0
8.132804759	0
11.00208851	0
10.23629525	0
12.92760303	0
8.361293818	0
7.961638928	0
7.823503267	0
10.67209809	0
10.39459582	0
8.886792847	0
7.406459204	0
7.319164654	0
10.09924628	0
9.430250951	0
7.784837483	0
8.928313165	0
8.079840771	0
7.966798601	0
7.343163866	0
13.83262132	0
8.913936653	0
10.43501988	0
8.230255805	0
10.19071276	0
7.599545034	0
8.906009913	0
9.319702848	0
7.573756515	0
7.388898569	0
8.127258143	0
7.475445983	0
8.600951565	0
9.093963914	0
8.541220245	0
8.212340119	0
9.360033075	0
7.516417839	0
7.546726667	0
7.453625645	0
7.904748122	0
7.843626386	0
9.803831191	0
8.612382807	0
8.028508227	0
9.922133836	0
7.41747198	0
8.293488921	0
7.41892562	0
8.547630122	0
11.2477502	0
9.458488182	0
7.649139216	0
7.392775076	0
9.441193831	0
9.911219241	0
7.221534078	0
8.710140986	0
10.2563138	0
8.521770741	0
8.242331348	0
8.380935866	0
7.358455656	0
8.96971457	0
7.254323851	0
9.001857046	0
9.462580881	0
9.745436735	0
7.861157439	0
7.356995587	0
7.687869112	0
9.224124317	0
9.184673113	0
8.398432485	0
7.350924234	0
7.453685826	0
10.64746203	0
7.427546741	0
9.281578522	0
7.29909316	0
10.59998101	0
7.27377422	0
7.975770357	0
7.384403188	0
11.12659752	0
9.014331504	0
7.746921075	0
8.147248667	0
7.409791441	0
7.859552575	0
7.48558588	0
12.51101684	0
9.683799502	0
8.884633571	0
8.302301516	0
8.937123399	0
9.847858068	0
9.165664864	0
9.774900318	0
10.80054889	0
9.396753235	0
10.5391924	0
7.594162532	0
8.962426434	0
10.00771581	0
7.172003963	0
8.328427713	0
8.047482497	0
7.851862768	0
7.18899647	0
7.265330051	0
8.975365031	0
7.577686677	0
7.773691534	0
8.207694893	0
9.67324489	0
7.923549868	0
7.371466506	0
10.61552007	0
10.33640365	0
8.632985956	0
8.159110079	0
13.41941824	0
7.404166811	0
8.151383006	0
8.98447254	0
8.339063107	0
9.175521095	0
10.24286274	0
7.359103036	0
12.5592055	0
8.84359978	0
9.020201754	0
9.431019685	0
11.13306361	0
11.31510228	0
7.461181731	0
7.782067212	0
11.22674412	0
8.890224949	0
7.960569206	0
7.770214204	0
7.258880653	0
7.34206957	0
8.341810029	0
7.786535938	0
9.204369522	0
11.41438204	0
8.216037831	0
7.373505403	0
7.96859126	0
8.530310823	0
10.72983365	0
8.63679679	0
9.611626757	0
7.359207426	0
7.729818511	0
9.222279956	0
7.267653004	0
8.242044953	0
8.558830599	0
8.467086399	0
7.711567936	0
8.873922257	0
8.052039242	0
11.66136939	0
11.78022922	0
8.071940454	0
7.305602638	0
8.194855889	0
9.958663183	0
8.371695285	0
9.974683606	0
7.571939158	0
8.356231426	0
7.718016282	0
7.492320475	0
7.77019643	0
7.392581626	0
8.054721022	0
11.24356721	0
9.823592987	0
11.29393689	0
8.61446562	0
7.422031969	0
9.541519447	0
8.680847463	0
7.599069261	0
8.698255399	0
8.526429397	0
9.895095205	0
7.451958775	0
8.121827624	0
8.301625915	0
12.32106858	0
10.1599099	0
11.66404061	0
7.366557893	0
8.205283313	0
7.58015565	0
11.47037917	0
9.846541779	0
9.748868001	0
10.35352061	0
7.724463914	0
7.299317098	0
8.546259998	0
7.993620879	0
7.610495497	0
7.277089937	0
8.937593503	0
9.021076449	0
11.43007286	0
9.0645526	0
7.892619936	0
8.269330691	0
7.742052023	0
9.263918204	0
10.96634912	0
10.39309633	0
8.292930909	0
8.07988536	0
8.851624927	0
7.621081499	0
7.411850264	0
9.780938622	0
7.997639246	0
8.157046323	0
7.215966845	0
7.503885853	0
8.935704872	0
8.977703583	0
8.13742389	0
7.314872467	0
8.882691831	0
7.622772671	0
7.26092491	0
9.184416727	0
7.991497995	0
10.37728046	0
8.919401543	0
8.431999792	0
