snp lymph.gwas.pval eqtl.pval r2 neut.gwas.pval
rs1000082 0.314749 0.129868599072678 0 0.148667
rs1000083 0.314498 0.129868599072678 0 0.148276
rs1000555 0.0485008 0.111555629143501 0.087 0.142133
rs10037212 0.0361691 0.0695838472647904 0.043 0.0489168
rs10038030 0.0747025 0.0418426357281063 0.045 0.0754468
rs10038651 8.30703e-10 7.77920070791506e-84 1 3.86474e-09
rs10039917 0.573436 0.728331773076972 0.01 0.803858
rs10041240 0.000895801 0.429008584512656 0.125 0.00488684
rs10043135 0.738102 0.582669935507788 0.008 0.909067
rs10043309 0.000881942 0.427697881108966 0.125 0.00482938
rs10044354 8.25634e-10 7.60777509444634e-84 1 3.83666e-09
rs10045403 1.05208e-05 0.18674553519291 0.154 3.32686e-05
rs10050860 0.000594546 0.424547782581106 0.148 0.00418823
rs10051637 8.04873e-10 7.51924806349956e-84 1 3.47311e-09
rs10055532 0.895102 0.625633084096723 0.036 0.895039
rs10057166 0.835258 0.62546209155513 0.036 0.955112
rs10058476 8.14901e-10 3.68033439004937e-79 0.96 1.57104e-09
rs10059209 0.121723 0.000864853408888408 0.018 0.0978665
rs10061936 1.22313e-07 3.56262895616297e-59 0.85 2.92477e-07
rs10062964 0.000887988 0.427602860983692 0.125 0.00487219
rs10069361 1.33307e-07 2.34948994715923e-60 0.85 3.17146e-07
rs10071737 0.0290858 0.555239952733726 0.025 0.0320539
rs10071975 1.55245e-07 1.13776945281127e-60 0.833 4.14301e-07
rs10072369 0.305254 0.0152794445113282 0.003 0.43749
rs10074694 0.000827551 0.425378460729059 0.125 0.00472938
rs10074708 0.00085943 0.425378460729059 0.125 0.00483421
rs10075528 0.105515 0.0253426026098251 0.111 0.0675267
rs10076136 1.54001e-07 1.03713075963257e-60 0.833 4.16666e-07
rs10076458 0.00259894 0.00160861329948346 0.135 0.00953047
rs10077945 5.69527e-10 5.82612787704089e-84 1 2.56867e-09
rs1019503 1.31845e-07 6.01102831618824e-59 0.817 2.27228e-07
rs1035507 0.0411995 0.681098321903367 0.025 0.0415467
rs10434708 1.87672e-08 7.32829188342776e-69 0.794 1.52961e-08
rs10434709 1.86027e-08 7.32829188342776e-69 0.794 1.52189e-08
rs10434710 0.00338088 6.75524649604629e-06 0.034 0.000434631
rs10447215 0.683084 0.931475182041953 0.019 0.637727
rs10463196 1.30986e-07 1.04069809136973e-48 0.833 2.85703e-07
rs10463198 0.469395 0.490636043777904 0.006 0.936153
rs1046395 9.83063e-10 5.82682894923066e-82 0.96 1.79749e-09
rs1046396 1.15004e-09 7.43186069745133e-84 1 4.13958e-09
rs10476692 0.174527 0.0188070855029373 0.126 0.136789
rs10476696 8.417e-10 7.77920070791506e-84 1 3.71674e-09
rs10476700 0.749688 0.595542364866458 0.036 0.995013
rs10491385 0.0681885 0.769251676924606 0.035 0.095235
rs10491386 0.063803 0.788855625561522 0.035 0.0747923
rs10515243 0.949904 0.00301154317626051 0.003 0.882771
rs10515244 0.753496 0.96908771595998 0.025 0.693493
rs10515245 0.056401 0.711679357547061 0.023 0.137204
rs10515246 0.734087 0.606764262594817 0.042 0.783035
rs10515247 0.585528 0.367305430533212 0.082 0.657974
rs10515248 0.577632 0.367305430533212 0.095 0.653852
rs10515249 0.405341 0.279883353367677 0.09 0.43
rs10515250 0.39468 0.282502049072311 0.09 0.380031
rs10515251 0.174968 0.0541393525103083 0.088 0.167781
rs10515252 0.170894 0.0541393525103083 0.088 0.174086
rs10515253 0.072362 0.763816165441827 0.035 0.0999394
rs10515254 0.987163 0.495970550004951 0 0.623429
rs10515255 0.124406 0.00135398390931808 0.007 0.239362
rs10515256 0.563175 0.931453975553782 0.042 0.533698
rs1056893 1.31584e-07 5.30199124773574e-59 0.833 2.82401e-07
rs1057569 0.00403046 0.0678413429967577 0.047 0.0077716
rs1057808 0.0638129 0.788855625561522 0.035 0.0748067
rs1065407 0.0948155 0.0598986593888186 0.022 0.0861016
rs111237997 0.565657 0.34309445346102 0.095 0.645968
rs111240662 0.365698 0.00318671561753048 0.059 0.402635
rs11135479 0.989318 0.00220820610510235 0.006 0.90535
rs11135480 0.680299 0.46335751647089 0.095 0.742903
rs11135481 0.000408109 4.33483612301004e-07 0.218 0.000536608
rs11135482 3.92087e-08 7.36053994766371e-69 0.794 9.07726e-09
rs11135483 1.82821e-08 4.98552891825246e-69 0.794 1.46957e-08
rs11135484 1.7349e-08 7.23466372202262e-69 0.794 1.38584e-08
rs11135485 1.27704e-07 1.96179896419911e-58 0.833 3.81651e-07
rs11135491 0.205964 0.119426017450167 0.011 0.287252
rs11135492 0.565747 0.125841990245693 0.003 0.460669
rs11135494 0.758963 0.595542364866458 0.036 0.990894
rs111360227 0.178064 0.00496422188963492 0.031 0.098617
rs111506160 0.0738074 0.769442613133868 0.035 0.0984341
rs111664702 0.0112608 0.000743467221847474 0.005 0.005211
rs111693938 0.155748 0.055429058525326 0.088 0.159295
rs111697869 0.00693861 0.00110763046770829 0.025 0.00164574
rs111886458 0.40556 0.279883353367677 0.09 0.430199
rs112178674 0.689091 0.997238392086982 0.025 0.633631
rs112311341 0.103287 0.000932223279625465 0.018 0.0767841
rs112331898 0.00363564 0.000686754476882847 0.031 0.00124923
rs112403160 0.0101796 0.00324283754792057 0.005 0.00535439
rs112411386 0.00715219 8.76869648247902e-06 0.04 0.00490292
rs112491801 0.000295094 0.0864371417367952 0.044 0.000959229
rs112684517 0.494575 0.306963446246639 0.09 0.522303
rs113082598 0.101298 0.000926888800829259 0.018 0.0750607
rs113180484 0.00215497 0.000483702830316908 0.025 0.000543024
rs113210801 0.0658942 0.787848450712365 0.035 0.0775702
rs113309606 0.15869 0.0544845306668327 0.088 0.160356
rs113348596 0.810354 0.216251932462634 0.008 0.755531
rs113375407 0.352323 0.0950378728561037 0.09 0.364939
rs1134681 0.0774727 0.560820627112399 0.018 0.0678785
rs113520204 0.353339 0.0950378728561037 0.09 0.365877
rs113684245 0.0658981 0.787848450712365 0.035 0.0775742
rs113710451 0.696226 0.824333235742976 0.025 0.63592
rs113751298 0.70772 0.987152800732394 0.025 0.678446
rs113792320 0.352329 0.0513442266778766 0.09 0.364947
rs113903791 0.405443 0.293247549561001 0.09 0.430091
rs113922503 0.0646528 0.0054567756484923 0.014 0.0597694
rs114006288 0.43054 0.3046267305827 0.09 0.463201
rs114070805 0.0724239 0.763488750181425 0.035 0.100044
rs114102330 0.0294415 0.0903907758455041 0.018 0.039254
rs114109476 0.0717249 0.750782352290087 0.035 0.100144
rs114227465 0.0954621 0.720312189108929 0.035 0.113192
rs114230809 0.0495799 0.693046861884546 0.023 0.128137
rs114424613 0.0577465 0.498972694285846 0.04 0.0904189
rs114464396 0.389513 0.0988737569532055 0.014 0.443681
rs114773066 0.405372 0.0991306003104645 0.014 0.455243
rs114826266 0.0294588 0.131175415224617 0.018 0.0392902
rs114946775 0.0293252 0.148045568484635 0.018 0.0392562
rs115006679 0.0720148 0.755936483308386 0.035 0.100098
rs115033009 0.0634422 0.788553229252899 0.035 0.0749105
rs115167121 0.389196 0.0988737569532055 0.014 0.443387
rs115263476 0.0321212 0.0956771434695002 0.018 0.0412461
rs115378363 0.0292283 0.0901461141761248 0.018 0.0391555
rs115441097 0.0292322 0.0899104476634125 0.018 0.039135
rs115484387 0.0682323 0.788553229252899 0.035 0.0798948
rs115733606 0.422385 0.304217317506915 0.09 0.462378
rs115797631 0.0747527 0.74211470044626 0.035 0.103401
rs115829859 0.389568 0.0988737569532055 0.014 0.443742
rs115837673 0.0729115 0.725540420128048 0.035 0.101386
rs115862450 0.102249 0.000929846485770715 0.018 0.0759735
rs115868473 0.0704598 0.759085789644957 0.035 0.0962667
rs116046039 0.0747538 0.74211470044626 0.035 0.103375
rs116059725 0.0695578 0.788855625561522 0.035 0.078727
rs116118151 0.38911 0.0985894052992198 0.014 0.444392
rs116257357 0.382147 0.0977220752725757 0.014 0.437936
rs116258627 0.399831 0.0962262494001044 0.014 0.448983
rs116360011 0.462251 0.311227707819184 0.09 0.483557
rs116381322 0.0695092 0.788855625561522 0.035 0.0786759
rs116467861 0.0720088 0.768298853009382 0.035 0.0985454
rs116491974 0.0292114 0.0894628271814663 0.018 0.039154
rs116555800 0.405112 0.0983177386743963 0.014 0.454839
rs116583745 0.387915 0.0985763954032435 0.014 0.442953
rs116660877 0.0680334 0.768965504124736 0.035 0.0950344
rs116709204 0.0289084 0.0892781133217152 0.018 0.0389115
rs116762793 0.0539848 0.498935537902244 0.04 0.0821892
rs11738115 0.585092 0.358242850370589 0.095 0.659252
rs11738135 0.825563 0.972756515939688 0.051 0.617558
rs11738358 0.882335 0.00221699783032399 0.007 0.92648
rs11738810 0.413976 0.301835312639572 0.09 0.448149
rs11739020 0.58602 0.354891345862266 0.095 0.662151
rs11739280 0.734662 0.969616709208511 0.025 0.677696
rs11739416 0.130591 0.00103031675028437 0.053 0.11957
rs11739448 0.130978 0.00103302304242402 0.053 0.119518
rs11739478 0.856221 0.00255734565915089 0.011 0.7029
rs11740375 0.585065 0.359302868176607 0.095 0.659902
rs11740598 0.360255 0.0948432205004026 0.09 0.369459
rs11740941 0.686338 0.122844915808337 0.022 0.302105
rs11741100 0.586609 0.357473936671182 0.095 0.662392
rs11742261 0.386667 0.223159961211578 0.09 0.37075
rs11743410 0.405642 0.281790088394482 0.09 0.430271
rs11743648 0.944035 0.00162973592725446 0.004 0.901042
rs11744642 0.721946 0.827136019490527 0.025 0.666696
rs11745122 0.699165 0.959119296779888 0.025 0.638702
rs11745157 0.331253 0.131905901394628 0.095 0.3218
rs11746232 0.0658738 0.00542516527264108 0.11 0.051504
rs11746397 0.000443978 4.91736053645716e-07 0.218 0.000592105
rs11746534 0.405517 0.281790088394482 0.09 0.430155
rs11747148 0.5857 0.35959251871991 0.095 0.659788
rs11747179 0.585206 0.358820645589043 0.095 0.659364
rs11747896 0.586202 0.356802524971107 0.095 0.662038
rs11748328 0.373694 0.225618969532217 0.09 0.350012
rs11748432 0.445452 0.490816133802914 0.006 0.894673
rs11748519 0.413707 0.300964577350265 0.09 0.448777
rs11748795 0.385942 0.22431578592588 0.09 0.370192
rs11749186 0.13485 0.00100245399461533 0.053 0.12373
rs11749811 0.505971 0.326709769585815 0.095 0.550269
rs11750003 0.698013 0.122531841832302 0.022 0.306848
rs11750025 1.80959e-08 7.46916497944034e-69 0.794 1.46658e-08
rs11750283 0.386413 0.140653352397192 0.095 0.376886
rs11750399 0.743974 0.96908771595998 0.025 0.681146
rs11750400 0.749956 0.96908771595998 0.025 0.679252
rs11750464 0.5848 0.358435343081131 0.095 0.659706
rs11750671 0.362286 0.0948432205004026 0.09 0.370489
rs11750934 0.418367 0.303985815823688 0.09 0.453457
rs11948888 0.0218431 0.0959641482044247 0.011 0.0261211
rs11950429 0.540909 0.357573557138954 0.005 0.364473
rs11952075 0.992899 0.495967753351332 0 0.632334
rs11953510 0.540745 0.357483120606057 0.005 0.36688
rs11954059 0.676311 0.5840410507305 0.008 0.867222
rs11956546 0.915475 0.405810005324933 0.002 0.811093
rs11958159 0.295937 0.0190694620668408 0.033 0.354418
rs12054720 0.00145761 7.21608382936375e-07 0.059 0.000467339
rs12109525 0.433269 0.512915208238876 0.006 0.902694
rs12110061 0.442461 0.490816133802914 0.006 0.891234
rs1216565 1.00638e-07 6.20718035171946e-59 0.833 1.85675e-07
rs1216566 5.74521e-10 6.40700679324874e-83 0.96 8.19917e-10
rs1216567 5.35733e-10 6.56002671159329e-83 0.96 7.38209e-10
rs1216568 1.26946e-07 7.09329184177373e-52 0.833 1.99032e-07
rs1216569 9.57554e-08 6.64859910512096e-59 0.833 1.7614e-07
rs1216570 9.15529e-08 1.02756887841531e-49 0.833 1.66343e-07
rs1216571 5.64861e-10 6.31496321946058e-83 0.96 7.71475e-10
rs12186366 0.767861 0.583222491028934 0.042 0.790494
rs12187005 0.854914 0.961872774061462 0.019 0.833962
rs12187895 0.00079002 8.43281978086571e-12 0.171 0.00188586
rs12188395 0.932115 0.969673221729246 0.019 0.789004
rs12189125 1.58172e-08 8.58668990860595e-69 0.794 1.21526e-08
rs1230358 2.727e-07 6.4592691591838e-42 0.602 4.7995e-07
rs1230360 8.01348e-06 1.69231629309285e-29 0.365 1.46076e-05
rs1230361 8.18343e-06 1.63653358780593e-29 0.365 1.49884e-05
rs1230362 0.0478869 9.4242239051306e-12 0.065 0.0599395
rs1230363 7.64164e-06 1.88763226417174e-29 0.365 1.38514e-05
rs1230364 7.59529e-06 1.27850858596921e-28 0.365 1.3848e-05
rs1230365 1.12101e-06 1.49945914054868e-33 0.485 2.43144e-06
rs1230366 5.08074e-06 5.47177455536229e-06 0.128 7.91289e-05
rs1230381 1.55776e-07 6.01102831618824e-59 0.817 2.56541e-07
rs1230382 1.4432e-07 6.01102831618824e-59 0.817 2.36878e-07
rs1234609 0.314401 0.0111730921967497 0 0.298358
rs1235617 7.58524e-06 1.62978380538502e-29 0.365 1.38846e-05
rs12513660 0.0512792 0.114857277497838 0.087 0.148232
rs12514686 0.0107078 0.000938562236728767 0.005 0.00588913
rs12515176 0.26128 0.0317799814984718 0.002 0.302087
rs12516308 0.0699132 0.0007166099029696 0.11 0.0620951
rs12516613 0.752383 0.595063319435322 0.036 0.997497
rs12516666 2.09678e-08 1.73666914991085e-69 0.794 1.80929e-08
rs12517853 0.0481185 0.440679973225081 0.027 0.15197
rs12517900 0.0387633 0.693218027875762 0.023 0.0940519
rs12519482 0.727708 0.595625278580055 0.036 0.968004
rs12519842 1.37978e-05 0.00077980810437326 0.059 3.06979e-05
rs12520053 0.0479762 0.104118263493268 0.087 0.141163
rs12520374 0.0332055 0.537099316025467 0.025 0.0361091
rs12520537 0.0465139 0.104382803121467 0.087 0.137906
rs12522460 0.0487696 0.240627374057068 0.087 0.142566
rs12522976 0.0487111 0.241617661160502 0.087 0.142432
rs12652636 0.00331366 1.33363257277166e-09 0.12 0.00461032
rs12653282 0.742899 0.379198016082569 0.012 0.907867
rs12653352 0.678218 0.453021792207989 0.012 0.40278
rs12654015 1.79575e-08 7.28271840108946e-69 0.794 1.46201e-08
rs12655342 0.000410225 1.6075440683706e-05 0.077 9.34669e-05
rs12655858 1.79753e-08 5.85452391676841e-63 0.794 1.46388e-08
rs12659825 6.07877e-06 1.518995772676e-05 0.122 9.64925e-05
rs12716486 9.7774e-08 9.27231248162843e-61 0.85 2.91605e-07
rs13154242 0.314751 0.0170455776710193 0.037 0.347006
rs13154629 0.000651922 0.424547782581106 0.125 0.00394201
rs13158924 0.732914 0.149887722989354 0 0.547227
rs13160231 0.00131779 0.593860044179687 0.117 0.00760441
rs13160562 0.00437698 0.0678413429967577 0.047 0.00761822
rs13161540 0.35026 0.0216859200652456 0.029 0.150327
rs13163165 2.66471e-08 1.85966883409597e-52 0.833 6.38074e-08
rs13165925 0.330747 0.0272464637300649 0.033 0.149928
rs13167790 0.0358995 0.543154415413661 0.017 0.0407283
rs13167931 0.315433 0.0167911780002775 0.037 0.346797
rs13167972 0.218076 0.0918619031634593 0.025 0.172996
rs13168673 0.000702944 0.424547782581106 0.125 0.00412312
rs13170029 8.50729e-10 1.00776446744511e-82 1 3.68882e-09
rs13170045 0.000637656 0.424547782581106 0.125 0.00387789
rs13171520 0.541836 0.931453975553782 0.042 0.521909
rs13173167 0.000606925 0.428458593200297 0.125 0.00375176
rs13175726 0.709672 0.122478617431157 0.022 0.319708
rs13176209 0.996579 0.00220696917167882 0.007 0.92612
rs13178387 0.000917478 0.665234306674583 0.131 0.00475284
rs13181579 0.017448 0.0503991447048077 0.052 0.0223732
rs13181740 0.764841 0.902761551071276 0.017 0.998073
rs13183352 0.986739 0.00243655702094228 0.009 0.946098
rs13184900 0.886268 0.00158734884526999 0.003 0.85674
rs13185488 0.000910146 0.402952787712979 0.125 0.00689356
rs13186739 0.000673186 0.40355709405433 0.125 0.00415177
rs13189819 1.79755e-08 7.27452810830171e-69 0.794 1.4639e-08
rs13358339 8.02005e-10 8.12491994615587e-84 1 3.46879e-09
rs13362120 0.985267 0.00240521036826016 0.008 0.902311
rs13601 0.664374 0.463283585802187 0.095 0.732029
rs1363907 5.49662e-10 5.75761157115755e-83 0.96 7.44077e-10
rs1363908 5.27859e-10 6.30782866096097e-83 0.96 6.97652e-10
rs1363943 0.336159 0.0127545576244158 0.003 0.455811
rs1363974 8.50536e-10 6.51351652375013e-84 1 3.72012e-09
rs1363975 1.09512e-07 5.30199124773574e-59 0.833 2.32658e-07
rs1363976 9.28059e-10 8.60996020051569e-81 0.92 1.42783e-09
rs1363977 1.13448e-07 5.30199124773574e-59 0.833 2.3449e-07
rs138252081 0.0763446 0.527392330347457 0.018 0.0677275
rs138720061 0.391904 0.0986360580837823 0.014 0.446028
rs138734668 0.065725 0.787697575813244 0.035 0.0774756
rs138805140 0.0302362 0.0918051838923675 0.018 0.0400566
rs139086235 0.0608314 0.498935537902244 0.04 0.0983376
rs139788761 0.0581472 0.498972694285846 0.04 0.0913609
rs140005155 0.404033 0.0968074963915315 0.014 0.452331
rs140195242 0.0292114 0.0894628271814663 0.018 0.039154
rs140939805 0.390939 0.0986360580837823 0.014 0.444807
rs141459175 0.383214 0.0693099332157068 0.014 0.439128
rs141517564 0.0722831 0.760837818938406 0.035 0.100079
rs1421742 0.835319 0.233827031539945 0.008 0.768118
rs142247520 0.77376 0.918353828433351 0.012 0.870756
rs1423499 0.690373 0.538477622248287 0.001 0.339228
rs1423501 0.538607 0.931453975553782 0.042 0.498495
rs1423502 0.363261 0.974001929873477 0.035 0.434634
rs1423503 0.363238 0.974001929873477 0.035 0.434632
rs1423566 9.66164e-10 7.43186069745133e-84 1 4.11113e-09
rs1423568 1.59906e-07 3.83874928571209e-59 0.833 3.44532e-07
rs142385774 0.409527 0.261963065037069 0.09 0.443808
rs143545208 0.0690261 0.742411497291858 0.035 0.0987046
rs143619191 0.0673744 0.788704401413191 0.035 0.0791388
rs143932109 0.734249 0.844526397339196 0.012 0.812486
rs143965018 0.70038 0.969510452743028 0.025 0.668779
rs144225384 0.193941 0.0255071611141292 0.084 0.231701
rs144272550 0.404187 0.0968818461854546 0.014 0.452347
rs144889613 0.389171 0.0985402564202126 0.014 0.444418
rs145096446 0.0291669 0.0894353323304523 0.018 0.0391068
rs145345475 0.0289771 0.0893329100325779 0.018 0.0389791
rs145672020 0.104878 0.000888466978473168 0.018 0.0757874
rs145979674 0.418246 0.281260329989187 0.09 0.442112
rs146239971 0.0539848 0.402183852680721 0.04 0.0821892
rs146341958 0.40538 0.279931185904431 0.09 0.430025
rs146374932 0.0298284 0.0911743336461135 0.018 0.0396635
rs146592551 0.40773 0.308239679964659 0.09 0.437651
rs146600739 0.00776529 0.000242855207131155 0.025 0.00144553
rs146665236 0.00347447 0.000304972703580697 0.025 0.000720367
rs147223455 0.463649 0.311227707819184 0.09 0.482602
rs1477364 7.52878e-10 5.42422341947142e-82 0.96 1.44426e-09
rs149078 0.534308 7.93513470324411e-06 0.053 0.619025
rs149169145 0.0324208 0.0963048122000695 0.018 0.0414286
rs149173 0.375996 0.58568225042381 0.019 0.316221
rs149189 3.15123e-07 0.00181911718783317 0.161 1.22701e-05
rs149313 0.852909 0.885524964589779 0.04 0.636949
rs149429 0.381844 0.0696035635746712 0.016 0.531891
rs149431 7.00627e-08 6.08900558594338e-05 0.153 1.00225e-06
rs149481 0.492777 7.93513470324411e-06 0.053 0.570587
rs149482 6.86479e-08 2.78951152290234e-05 0.153 9.90868e-07
rs149512706 0.415946 0.281288821871871 0.09 0.438579
rs149544 8.62298e-08 6.10006793069189e-05 0.153 1.20006e-06
rs149598 0.361302 0.138258577229292 0.005 0.283728
rs149896018 0.0767159 0.768631988144266 0.035 0.104165
rs150203632 0.391856 0.0986360580837823 0.014 0.445983
rs151823 1.13695e-05 0.00153206162214068 0.059 2.40112e-05
rs151828 0.841936 0.882091523314553 0.036 0.616185
rs151829 0.83152 0.882171251151398 0.036 0.617302
rs151830 0.247431 0.0992650190892189 0.048 0.31845
rs151834 0.772807 0.00217367367722018 0.018 0.660826
rs151835 0.364449 0.0726810425705359 0.016 0.519116
rs151846 0.799507 0.000682397272238422 0.018 0.635817
rs151904 0.414984 0.0691715886650551 0.016 0.559357
rs151908 7.02977e-08 6.07120141726412e-05 0.153 1.00464e-06
rs151909 7.01933e-08 6.07341925722966e-05 0.153 1.00309e-06
rs151910 7.75051e-08 6.07513918758135e-05 0.153 8.73255e-07
rs151911 7.02083e-08 6.07564133616697e-05 0.153 1.00324e-06
rs151928 0.145947 2.25576641018849e-08 0.18 0.226918
rs151936 0.208004 0.25755789468959 0.015 0.212598
rs151940 3.04186e-07 0.00121528727789499 0.155 7.93304e-06
rs151949 0.395537 0.0125801612886149 0.031 0.534192
rs151953 7.05854e-08 6.09352506016769e-05 0.153 1.01507e-06
rs151954 7.22262e-08 6.09527569946263e-05 0.153 1.03503e-06
rs151964 4.68245e-06 0.000922858094164034 0.303 5.93606e-05
rs152466 1.98967e-08 2.86124934631504e-08 0.457 6.47858e-07
rs152468 4.98442e-06 0.000143040498416315 0.128 6.60571e-05
rs152469 0.317143 0.0790435651762121 0.003 0.228656
rs152479 0.107841 0.0349188962970994 0.02 0.101803
rs153541 0.14409 0.0193064090811455 0.089 0.10749
rs1544777 8.58698e-10 5.92760720837326e-82 0.96 1.75296e-09
rs1559085 0.734217 0.96908771595998 0.025 0.665495
rs1559267 1.54261e-07 1.01229575312837e-60 0.833 4.14388e-07
rs1559354 1.79923e-08 7.32514561798792e-69 0.794 1.45969e-08
rs1559355 1.94545e-08 7.08948864413451e-65 0.794 1.61939e-08
rs1559356 1.98713e-08 4.43032466136365e-52 0.794 1.65762e-08
rs1559357 1.98769e-08 6.39164424856592e-52 0.794 1.65887e-08
rs1592764 0.547876 0.915995773207718 0.012 0.679626
rs160632 0.155724 0.114747573212933 0.001 0.311611
rs1645200 0.0167172 0.767073325939131 0.004 0.0135577
rs167590 0.707246 0.440509092597178 0.012 0.433784
rs168674 4.73407e-06 0.00381359597779174 0.303 5.92707e-05
rs17082200 0.904673 0.972217178105708 0.047 0.712283
rs17086588 0.813283 0.9782693538723 0.051 0.606722
rs17086593 0.435288 0.355840196921307 0.001 0.556367
rs17086596 0.0115729 0.000791510170712101 0.005 0.0053309
rs17086611 0.00966716 0.000938173420864706 0.005 0.00504681
rs17086635 0.0488531 0.692762045410505 0.023 0.122133
rs17086638 0.0480966 0.692762045410505 0.023 0.123889
rs17086643 0.0427713 0.692762045410505 0.023 0.115345
rs17086651 0.0133628 0.00210874822707236 0.013 0.0072206
rs17086665 0.0438027 0.693350111769632 0.023 0.117085
rs17087082 0.167822 0.056796553217645 0.088 0.173453
rs17087085 0.162702 0.0557597120935226 0.088 0.169883
rs17087092 0.170741 0.054779855257112 0.088 0.174069
rs17087112 0.161677 0.0578616807033656 0.088 0.165577
rs17087165 1.31297e-07 3.49464738201254e-59 0.833 2.8778e-07
rs17087180 0.0792218 0.560820627112399 0.018 0.0695231
rs17087294 0.0374823 0.196718769193073 0.014 0.0388278
rs17087371 0.21484 0.107204135992859 0.009 0.365217
rs17087385 0.849524 0.237377390506252 0.008 0.802597
rs17087396 0.786875 0.216356962852398 0.008 0.743536
rs171647 1.58499e-07 5.65999323788616e-59 0.833 3.42512e-07
rs172723 0.244603 0.0363866569780661 0.033 0.315895
rs172724 0.685099 0.123969284242975 0.022 0.296537
rs172725 0.105819 0.00323578272208703 0.053 0.101252
rs172741 0.67629 0.498712123434604 0.012 0.406431
rs173491 0.0540896 1.10068503365263e-08 0.142 0.0881993
rs17400685 0.748072 0.969164634977044 0.025 0.690234
rs17400741 0.74334 0.96907800541918 0.025 0.685702
rs17401719 0.017613 0.0503991447048077 0.052 0.0221026
rs17401901 0.725428 0.579753309908007 0.042 0.758894
rs17402639 0.731664 0.602508675576537 0.042 0.757422
rs17402704 0.590192 0.294262684213555 0.09 0.667568
rs17405676 0.341804 0.0949193336641361 0.09 0.348508
rs17407513 0.0528351 0.500629687710809 0.04 0.0806504
rs17407871 0.0528356 0.500629687710809 0.04 0.0806495
rs17407899 0.0523021 0.500629687710809 0.04 0.0800169
rs17408150 0.0523021 0.500629687710809 0.04 0.0800169
rs17409040 0.0620164 0.498935537902244 0.04 0.0991327
rs17446635 0.0680334 0.769108555750412 0.035 0.0950344
rs17446755 0.0647128 0.788100026110877 0.035 0.0753156
rs17446769 0.0646613 0.788251041460792 0.035 0.0757807
rs17446837 0.0628136 0.788805211744346 0.035 0.0737978
rs17446907 0.0638684 0.788855625561522 0.023 0.0743509
rs17446949 0.0678728 0.787665066821719 0.035 0.079362
rs17478897 0.861222 0.958254254391274 0.022 0.60543
rs17479052 0.72841 0.96964142844566 0.025 0.67365
rs17480169 0.0170543 0.0523908777386646 0.052 0.0213761
rs17481334 0.592348 0.367305430533212 0.095 0.66641
rs17481759 0.578833 0.346980017560745 0.095 0.655746
rs17481856 0.436872 0.312280569094527 0.09 0.476924
rs17482078 0.00104049 0.397820783939422 0.125 0.00482423
rs17484359 0.187045 0.0176056402206928 0.084 0.229088
rs17486181 0.0522117 0.500629687710809 0.04 0.079946
rs17486481 0.0523021 0.610421859317133 0.04 0.0800169
rs17486509 0.0523021 0.500629687710809 0.04 0.0800169
rs17486775 0.0544875 0.498935537902244 0.04 0.0828023
rs17486915 0.0539979 0.498935537902244 0.04 0.0822003
rs17487132 0.0545286 0.498935537902244 0.04 0.0828313
rs17487596 0.0603609 0.498935537902244 0.04 0.0934032
rs17531068 0.0678544 0.769060864141592 0.035 0.0942682
rs17531164 0.0757641 0.787496491635793 0.04 0.0953917
rs17531192 0.0659063 0.788049699332145 0.035 0.0775808
rs17531213 0.0691564 0.78830139156462 0.035 0.08095
rs17531248 0.0108825 2.16371605784092e-18 0.395 0.0427564
rs17531366 0.0681407 0.788855625561522 0.035 0.0791619
rs17550808 0.072875 0.560820627112399 0.018 0.0622356
rs17628359 0.0756426 0.74211470044626 0.035 0.104423
rs17630580 0.181318 0.00499201695441287 0.031 0.0997877
rs17684739 0.0617527 0.487251402889345 0.04 0.0947742
rs178396 0.795824 0.21883917015183 0.01 0.798532
rs18036 0.0308123 1.48896396589503e-07 0.172 0.0643662
rs18059 5.82107e-07 1.43568641385501e-39 0.608 1.9341e-06
rs1820148 5.3221e-10 6.30072843297738e-83 0.96 7.34782e-10
rs1820149 9.8939e-08 8.80128456290263e-61 0.85 2.93093e-07
rs182624 0.528832 0.0523635906535715 0 0.266086
rs182625 0.721822 0.52587989704153 0.013 0.939043
rs184971 7.81252e-06 1.87892080796885e-05 0.122 4.58656e-05
rs1862609 0.03574 0.0673046530216591 0.043 0.0469769
rs186413 0.456237 0.513126439663047 0.008 0.903907
rs186414 0.103695 0.00148533129331718 0.053 0.0979686
rs187387 2.5047e-08 2.85148423267289e-08 0.469 8.29667e-07
rs190298 2.14381e-08 2.94728790695422e-08 0.469 7.36765e-07
rs190367 0.282684 0.0601038878352698 0.003 0.199383
rs193141054 0.0723537 0.742453518344383 0.035 0.101696
rs193482 8.62865e-08 6.0983090877372e-05 0.153 1.19976e-06
rs193993 1.6078e-07 5.79850342056639e-59 0.833 3.46237e-07
rs193994 1.27898e-07 8.75877211201114e-59 0.833 1.9342e-07
rs1974871 1.02192e-08 7.08948864413451e-65 0.794 1.08628e-08
rs1981846 1.62034e-07 7.68962454523207e-59 0.817 2.92516e-07
rs1991011 0.0483011 0.110837584926505 0.087 0.141501
rs2013633 0.00066586 0.431282737673666 0.125 0.00390277
rs2013671 0.000729065 0.424547782581106 0.125 0.0042306
rs2013717 0.000672985 0.424547782581106 0.125 0.0039416
rs2032890 0.00562139 0.023547057769776 0.027 0.0119375
rs2042380 0.23017 0.249609806463562 0.022 0.360245
rs2042381 2.41734e-05 4.68115829133334e-06 0.256 0.000205814
rs2042383 1.6078e-07 5.79850342056639e-59 0.833 3.46237e-07
rs2042385 1.78617e-07 5.30199124773574e-59 0.817 3.43738e-07
rs2042386 0.399392 0.254533988555006 0.09 0.380948
rs2059199 0.0402321 7.33892891531709e-05 0.135 0.051005
rs2059247 0.000769935 4.94642035023633e-12 0.171 0.00187147
rs2113018 0.695478 0.537756977980393 0.001 0.348163
rs2113050 1.51033e-07 8.5342105337414e-61 0.833 4.09991e-07
rs2113190 1.6078e-07 5.79850342056639e-59 0.833 3.46237e-07
rs2113191 1.22171e-07 5.30199124773574e-59 0.833 2.67791e-07
rs2124921 0.000775332 0.399043524841687 0.125 0.00322911
rs2161548 6.98022e-10 7.60777509444634e-84 1 3.45073e-09
rs2161657 2.50525e-07 5.8072116490783e-59 0.817 4.87075e-07
rs2161658 1.59976e-07 3.66200657504383e-59 0.833 3.44666e-07
rs2216709 0.294893 0.0267575504882193 0.003 0.414484
rs2216752 2.25746e-05 4.69355563971882e-06 0.256 0.000184982
rs221970 0.0586235 0.00136669831876042 0.053 0.0657029
rs2247650 4.68597e-08 1.32888798968131e-58 0.777 5.99193e-08
rs2248374 1.6078e-07 5.79850342056639e-59 0.833 3.46237e-07
rs2255546 1.09508e-07 5.30199124773574e-59 0.833 2.32653e-07
rs2255633 1.11086e-07 2.18768212849859e-58 0.833 2.32355e-07
rs2255634 1.11825e-07 2.19262195859277e-58 0.833 2.3397e-07
rs2255637 1.08506e-07 2.19758938528281e-58 0.833 2.41379e-07
rs2278018 1.80496e-08 7.35701608516442e-69 0.794 1.46488e-08
rs2278019 1.87672e-08 7.37017165237237e-69 0.794 1.52961e-08
rs2287903 0.0425263 0.541252096665359 0.025 0.0437336
rs2287987 0.000668602 0.424547782581106 0.125 0.00392468
rs2287988 1.6043e-07 5.79850342056639e-59 0.833 3.45785e-07
rs2290674 0.0458286 0.725134832055364 0.023 0.11622
rs2290675 0.04607 0.692762045410505 0.023 0.120434
rs2290676 0.043245 0.692762045410505 0.023 0.114159
rs2290677 0.0432322 0.692762045410505 0.023 0.114133
rs2303138 0.00131247 5.67156000679738e-07 0.059 0.000610156
rs2303208 1.82007e-08 7.27172558078946e-69 0.794 1.46497e-08
rs2351010 8.50484e-10 7.83753671331465e-84 1 3.71893e-09
rs2351011 5.91514e-10 6.20487730542076e-83 0.96 8.23566e-10
rs2351012 7.11933e-06 7.65082747851937e-06 0.128 0.000114754
rs2351013 9.49049e-06 1.05450740515078e-06 0.14 0.000126723
rs2431140 0.014173 0.613480831483729 0.004 0.0113393
rs2432089 0.0065451 0.0844611285600831 0.001 0.0181325
rs2432090 0.00806051 0.61348083148373 0.004 0.00707198
rs2432091 0.00797619 0.61348083148373 0.004 0.00679574
rs2432113 0.0101922 0.0876995889852795 0.005 0.016777
rs2432123 0.00635253 0.748067862016816 0.018 0.0127973
rs2432141 2.09642e-10 7.88202649394288e-84 0.98 8.38502e-10
rs2432142 5.12543e-10 2.57622563359332e-74 0.98 1.9188e-09
rs245471 4.43866e-08 1.94525263147817e-08 0.454 9.25028e-07
rs245472 9.97383e-06 5.62907307482279e-06 0.122 5.41795e-05
rs245478 0.0215566 6.49941111624552e-08 0.16 0.0517924
rs246453 4.69461e-06 0.000918380914115668 0.303 5.93831e-05
rs246454 5.52349e-06 0.00091869940177597 0.303 6.6609e-05
rs246455 5.44281e-06 0.000919336980884693 0.303 6.28763e-05
rs246456 5.22983e-06 0.00108967014102682 0.303 6.19922e-05
rs248215 1.74165e-07 7.46353917897122e-56 0.833 4.50225e-07
rs249957 0.300641 0.0792784595760333 0.003 0.198621
rs249959 0.407701 0.144502879598687 0.005 0.322269
rs249960 9.11898e-06 3.07102072696403e-05 0.095 5.29315e-05
rs251339 1.99833e-07 1.88991187625814e-58 0.794 1.80423e-07
rs251340 8.44134e-10 4.02406072816033e-82 0.96 1.29871e-09
rs251341 8.42098e-10 4.46710604319969e-82 0.96 1.29707e-09
rs251342 2.49906e-07 5.79850342056639e-59 0.817 4.87501e-07
rs251343 6.10991e-10 8.12288716635127e-73 0.96 8.56893e-10
rs251344 1.37401e-07 3.39008235380314e-56 0.817 2.35196e-07
rs2544770 0.00769633 0.61348083148373 0.004 0.00650817
rs2544771 0.00215623 0.0667780073168059 0.002 0.0130514
rs2544772 0.00249234 0.0593824905267307 0.002 0.0145958
rs2544773 0.236141 0.0169114972809477 0.003 0.349232
rs2544776 0.408635 0.219348914014345 0.018 0.429908
rs2544777 0.728161 0.595900569133866 0.036 0.975757
rs2545629 7.36336e-06 4.91949496926903e-06 0.122 4.48532e-05
rs2548224 1.17979e-09 8.54912132277993e-75 1 4.20485e-09
rs2548226 4.67247e-10 2.49984213684145e-73 0.94 8.67465e-10
rs2548319 0.00247155 0.0593824905267307 0.002 0.0145446
rs2548410 0.216661 0.0141488074519312 0.001 0.359553
rs2548411 0.00827369 0.613480831483729 0.004 0.00679561
rs2548413 0.646697 0.448278829134383 0.012 0.365115
rs2548417 0.124525 0.920869748874328 0.035 0.331945
rs2548418 0.732761 0.595625278580055 0.036 0.978302
rs2548516 9.16764e-10 6.8600202116186e-82 1 3.87183e-09
rs2548520 9.95872e-08 6.45013329088775e-59 0.833 1.94211e-07
rs2548521 1.02975e-07 5.72427775394948e-59 0.833 1.99352e-07
rs2548522 1.65707e-07 5.59872992239171e-59 0.817 2.97176e-07
rs2548523 1.2116e-07 5.30199124773574e-59 0.833 2.65925e-07
rs2548524 1.21192e-07 5.30199124773574e-59 0.833 2.65965e-07
rs2548525 2.04736e-07 5.58143395578787e-57 0.833 4.27528e-07
rs2548526 1.31297e-07 5.30199124773574e-59 0.833 2.8778e-07
rs2548528 1.57871e-07 3.27557068218329e-59 0.833 4.99448e-07
rs2548529 2.29197e-07 3.44254335800157e-59 0.817 4.41153e-07
rs2548530 8.33945e-10 8.27568918647943e-83 0.96 1.28973e-09
rs2548531 2.53758e-07 8.4725516961577e-51 0.833 5.57468e-07
rs2548532 7.33386e-10 2.10844223039956e-82 0.96 1.1744e-09
rs2548533 1.60537e-07 4.4926170356667e-59 0.833 3.46152e-07
rs2548534 1.60746e-07 5.79850342056639e-59 0.833 3.46174e-07
rs2548535 1.60746e-07 1.69873820110982e-57 0.833 3.46174e-07
rs2548536 1.57638e-07 5.79850342056639e-59 0.833 3.34768e-07
rs2548537 1.60713e-07 5.79850342056639e-59 0.833 3.46277e-07
rs2548538 1.60746e-07 5.79850342056639e-59 0.833 3.46174e-07
rs2548539 1.04803e-06 5.80396147023861e-59 0.813 1.64922e-06
rs2548540 6.10039e-08 3.19252115061276e-59 0.833 1.43066e-07
rs2549778 9.78122e-08 2.82584815114879e-41 0.618 1.89553e-07
rs2549779 7.73989e-06 1.81628938914845e-29 0.379 1.32383e-05
rs2549780 8.615e-05 1.75935493564105e-23 0.271 4.99864e-05
rs2549781 9.25929e-08 5.57139289619704e-59 0.797 1.82973e-07
rs2549782 2.05598e-07 5.79850342056639e-59 0.833 4.28025e-07
rs2549783 8.46845e-10 1.88618829922314e-81 0.96 1.29518e-09
rs2549784 1.60816e-07 5.79850342056639e-59 0.833 3.45159e-07
rs2549785 1.60746e-07 5.79850342056639e-59 0.833 3.46174e-07
rs2549786 2.61804e-07 8.59192956300332e-51 0.833 5.74404e-07
rs2549787 2.49074e-07 5.08922454514193e-59 0.817 4.85642e-07
rs2549788 1.47037e-07 3.39537078450115e-59 0.833 3.13418e-07
rs2549789 1.31297e-07 3.30817786697223e-59 0.833 2.8778e-07
rs2549790 1.31297e-07 4.75400629823197e-59 0.833 2.8778e-07
rs2549791 1.31297e-07 1.0042764617366e-58 0.833 2.8778e-07
rs2549792 1.34378e-07 4.86259416870359e-59 0.833 2.9412e-07
rs2549794 6.86799e-10 4.7445181887906e-83 0.96 1.07282e-09
rs2549795 1.31297e-07 4.49556121330854e-59 0.833 2.8778e-07
rs2549796 2.07408e-07 5.30199124773574e-59 0.817 4.09201e-07
rs2549797 1.23502e-07 5.30199124773574e-59 0.833 2.37404e-07
rs2549798 3.2836e-07 5.60725513547635e-57 0.833 6.69401e-07
rs2549799 2.77055e-07 1.40341600783365e-57 0.833 5.65828e-07
rs2549800 1.15979e-07 4.59975052174472e-59 0.833 2.35427e-07
rs2549803 0.248661 0.230692379516409 0.019 0.356999
rs2549804 9.42304e-06 1.25827613528837e-06 0.146 0.000123181
rs2549805 9.18949e-06 1.17218221952148e-06 0.146 0.000120953
rs25862 0.108329 0.0349188962970994 0.02 0.102064
rs25863 0.105519 0.0349188962970994 0.02 0.101039
rs25866 0.953665 0.899275942784156 0.055 0.928032
rs2617433 0.26105 0.242221848256942 0.019 0.370676
rs2617434 1.23357e-07 6.14048224489963e-51 0.85 2.47317e-07
rs2617435 5.71099e-10 3.26819681661072e-63 1 2.77215e-09
rs2617436 8.05084e-06 1.61461385370156e-29 0.365 1.45975e-05
rs2617438 8.9088e-08 2.23917627745402e-41 0.618 1.62007e-07
rs2617439 2.33996e-10 5.65694686626987e-82 0.94 3.66429e-10
rs2617442 0.00893675 1.49090096055553e-13 0.173 0.0106346
rs2617443 0.301058 0.0111642389440464 0 0.268257
rs2617444 0.301045 0.0111642389440464 0 0.267991
rs2617447 6.60827e-10 7.73041347038353e-83 0.96 9.504e-10
rs2617448 0.334275 0.00791814443364476 0 0.329424
rs2617450 0.296499 0.0111675715023226 0 0.271718
rs26345 0.286446 0.341641746717363 0.001 0.41624
rs26481 0.00660071 0.0189444821923092 0.042 0.0119447
rs26489 4.03605e-06 0.00316175405923072 0.161 6.30719e-05
rs26490 4.09774e-06 0.000124302284483158 0.161 6.40007e-05
rs26491 5.51256e-06 0.00787455001773722 0.161 7.84451e-05
rs26492 0.000553638 0.00289741892768842 0.117 0.000260254
rs26493 4.13412e-06 7.02818234197878e-05 0.122 5.22321e-05
rs26494 0.428718 0.0874553012929235 0.005 0.335148
rs26495 3.15613e-07 0.00181632719334789 0.161 1.22797e-05
rs26496 3.15056e-07 0.00181418689185632 0.161 1.22525e-05
rs26497 4.56084e-07 0.00171066649150143 0.161 1.56201e-05
rs26498 3.72449e-07 0.00170217441318666 0.161 1.3626e-05
rs26499 0.367073 0.00116953726869162 0 0.400588
rs26500 4.05467e-06 0.0031401474419125 0.161 6.31815e-05
rs26501 0.0922262 0.0349188962970994 0.02 0.0878537
rs26502 0.097647 0.0349188962970994 0.02 0.0923839
rs26503 0.336809 0.0623004906364725 0.016 0.474029
rs26505 0.574325 0.0342104201992761 0.016 0.79711
rs26506 0.951683 0.661864074748715 0.022 0.730886
rs26507 0.00108547 0.00157760686250437 0.123 0.000518891
rs26508 0.314794 0.338182992640083 0 0.447945
rs26509 0.0122078 0.0259623796417095 0.035 0.022863
rs26510 4.77228e-06 0.000922858094164034 0.303 5.96488e-05
rs26511 0.737673 0.0971337717653033 0.141 0.861386
rs26512 3.823e-06 0.00305374526354781 0.161 6.15278e-05
rs26513 0.700637 0.216297363198809 0 0.570765
rs26514 0.892688 0.000981991454754443 0.022 0.79268
rs26515 0.844506 0.704179480674726 0.038 0.757688
rs26516 0.72014 6.10705483751498e-05 0 0.555634
rs26517 0.621178 2.55570809633437e-06 0.041 0.613606
rs26518 0.849453 0.000979289316257893 0.018 0.655535
rs26519 0.308821 0.192712663634292 0 0.294587
rs26520 0.430852 0.0863507131729772 0.005 0.339391
rs26613 0.0485554 1.32602340782151e-08 0.18 0.112688
rs26614 0.0486051 1.33571225471764e-08 0.18 0.11293
rs26615 0.0485032 1.34449121804344e-08 0.18 0.112219
rs26616 0.14193 1.37756990968694e-08 0.18 0.225621
rs26617 0.140885 2.22449473850888e-08 0.18 0.225046
rs26618 0.139078 2.22449473850888e-08 0.18 0.226059
rs26650 0.0521081 6.29115725029986e-07 0.16 0.109082
rs26652 0.0479972 1.19811861276777e-08 0.18 0.11068
rs26653 1.73273e-07 3.1502053136752e-05 0.166 1.74189e-06
rs26654 1.46271e-07 3.1502053136752e-05 0.166 1.8468e-06
rs26655 1.41855e-07 3.14249037743538e-05 0.166 1.80046e-06
rs26657 0.0458047 1.73661000672725e-08 0.172 0.101118
rs27033 0.163878 0.0140138025086558 0 0.148093
rs27036 0.953674 0.899275942784156 0.055 0.925958
rs27037 0.00202335 0.00382920508928589 0.179 0.00135277
rs27038 6.18652e-05 4.40427643644471e-05 0.149 5.32634e-05
rs27039 0.000595032 0.24823556350194 0.007 0.000861951
rs27041 6.7274e-05 2.58151532857886e-05 0.149 8.12036e-05
rs27042 0.655588 1.70885791382694e-05 0.051 0.636565
rs27043 0.000155286 9.15629496018868e-05 0.122 0.000274558
rs27044 0.000308652 9.23675620108643e-05 0.249 0.000565564
rs27045 3.5875e-07 0.001678000263051 0.161 1.31069e-05
rs27289 1.43856e-09 1.54865794588472e-83 1 6.56248e-09
rs27290 1.17008e-09 1.64251921889151e-83 1 4.71144e-09
rs27292 2.11581e-07 8.05537436717859e-61 0.833 6.52046e-07
rs27293 9.65401e-10 1.62242523282713e-83 1 3.93573e-09
rs27294 1.62033e-07 8.80163151969665e-61 0.85 4.47175e-07
rs27295 1.32981e-09 1.65307610177368e-83 1 6.152e-09
rs27296 1.4207e-07 7.46416722400439e-56 0.85 3.5741e-07
rs27298 8.56762e-10 1.19222150582749e-68 1 3.05821e-09
rs27299 1.45861e-07 1.2825191514015e-55 0.868 3.61972e-07
rs27300 7.89836e-10 1.6282265885226e-75 1 2.80828e-09
rs27302 3.5165e-10 2.53652572922349e-67 0.96 3.7009e-09
rs27305 1.28251e-07 5.72676351316698e-61 0.833 3.62578e-07
rs27306 8.38564e-10 6.2649530286435e-82 0.96 1.70265e-09
rs27307 7.15652e-10 5.61290957178238e-82 0.96 1.5214e-09
rs27310 0.00652164 0.0842129799181022 0.001 0.0176062
rs27311 0.0284541 0.727474855339849 0.001 0.0401903
rs27312 0.00665878 0.0842129799181022 0.001 0.0181716
rs27373 0.527592 0.186859867947533 0.009 0.393563
rs27397 1.4308e-07 5.73702517012101e-61 0.833 4.10564e-07
rs27429 0.316576 0.34781027925514 0 0.438703
rs27432 0.000309483 8.17519731673724e-05 0.249 0.000577938
rs27433 0.00010845 4.40427643644471e-05 0.149 7.83757e-05
rs27434 3.84304e-06 0.00323661213194451 0.161 6.23766e-05
rs27436 8.32861e-10 8.64045508231924e-84 1 3.93947e-09
rs27439 0.436612 0.00139402966818482 0.078 0.742463
rs27524 8.7514e-05 0.0139460784595211 0.224 0.000154385
rs27525 0.104527 0.0349188962970994 0.02 0.0962607
rs27527 1.37241e-07 0.0024498529772745 0.149 5.05595e-06
rs27528 0.957184 0.899317831664274 0.055 0.931451
rs27529 4.61972e-06 0.000922858094164034 0.303 5.88646e-05
rs27530 0.317605 0.0790435651762121 0.003 0.222195
rs27531 0.89227 0.000980537207761597 0.022 0.735844
rs27543 0.0589339 1.26899755102025e-08 0.18 0.137334
rs27581 0.113263 0.0349188962970994 0.02 0.11121
rs27582 0.0843927 3.82665335361493e-06 0.061 0.0930921
rs27583 0.000366946 0.00289626866189201 0.117 0.00017101
rs27614 0.00728849 0.61348083148373 0.004 0.00624807
rs27619 0.413972 4.12453727965206e-09 0.085 0.356998
rs2762 9.07742e-10 7.43186069745133e-84 1 3.87994e-09
rs27621 1.4207e-07 7.46416722400439e-56 0.85 3.5741e-07
rs27639 0.0949254 0.1040069329287 0.016 0.0855661
rs27640 3.69483e-06 0.00323661213194451 0.161 6.04946e-05
rs27645 3.82027e-08 2.82494811060425e-08 0.466 9.7992e-07
rs27654 0.0833088 3.19664112418112e-06 0.061 0.0895835
rs27659 1.08615e-09 1.53240178028299e-83 1 5.78669e-09
rs27660 8.39925e-10 9.71938229348373e-82 0.96 1.60291e-09
rs27689 0.000136985 0.032612925169691 0.04 0.000180316
rs27690 0.311621 0.0790435651762121 0.005 0.218612
rs27694 9.09011e-06 1.7939296698879e-05 0.122 5.15788e-05
rs27710 4.63741e-06 0.000922858094164034 0.303 5.87919e-05
rs27711 9.46463e-10 1.15191237540243e-81 0.96 1.73501e-09
rs27712 1.00204e-09 1.0662649866009e-81 0.96 1.69817e-09
rs27747 1.63403e-07 7.93584596318685e-61 0.833 5.02468e-07
rs27765 0.350265 0.358471896723412 0 0.46951
rs27772 0.0853756 3.31358026295821e-06 0.061 0.0912293
rs27778 0.0483359 1.46499968299856e-08 0.172 0.105816
rs27851 0.299044 0.337829103320848 0.001 0.416954
rs27852 0.751017 0.845857804921291 0 0.397224
rs27895 0.365598 0.0790435651762121 0.005 0.265271
rs27944 0.2954 0.339106655574191 0.001 0.418602
rs27962 0.308779 0.346386425102541 0.001 0.446447
rs27969 0.166396 1.3005168805987e-08 0.087 0.138626
rs27980 0.0837615 3.82665335361493e-06 0.061 0.0933151
rs27991 0.659837 5.44920734832311e-06 0.036 0.662489
rs27993 1.04396e-09 1.16645112855259e-81 0.96 1.84483e-09
rs27997 9.09102e-10 5.86429655947111e-82 0.96 1.96247e-09
rs27998 8.78875e-10 1.09516616832061e-70 1 3.10203e-09
rs28041 0.382413 4.21588976761175e-06 0.01 0.328731
rs28042 0.894039 0.000980537207761597 0.022 0.737562
rs28046 0.330999 0.0790435651762121 0.005 0.232941
rs28048 0.0484851 1.28918977563034e-08 0.18 0.112451
rs28049 0.0535618 1.14014252739352e-08 0.18 0.116745
rs28050 0.0458175 1.73107626874277e-08 0.172 0.101416
rs28081 0.000347699 0.00285370285967267 0.117 0.000156165
rs28093 0.051271 0.0303059379676185 0.022 0.0755874
rs28096 0.0103546 0.0189293789257308 0.042 0.0258793
rs28103 0.148718 0.0449490351874555 0.015 0.147081
rs28119 5.59692e-06 0.00323661213194451 0.161 8.14943e-05
rs28129 6.84644e-08 6.07120141726412e-05 0.153 9.87093e-07
rs28333 3.61112e-06 0.00322176418033595 0.161 5.94633e-05
rs28337 3.61793e-06 0.00323661213194451 0.161 5.95485e-05
rs28432918 0.016702 0.0491329617863671 0.052 0.0228696
rs28484279 0.00409023 0.0323359508479733 0.002 0.0236061
rs28496199 0.760624 0.80350709294179 0.017 0.980008
rs28513759 0.00153667 0.511598825269276 0.117 0.00859332
rs28580505 0.0194296 0.0491399918620467 0.052 0.0263231
rs2859491 5.96732e-10 5.54536170503479e-83 0.96 8.62987e-10
rs28808625 0.736461 0.82880781178833 0.017 0.963018
rs2910686 4.61438e-10 1.9933289933276e-85 1 1.72096e-09
rs2910687 7.53501e-10 1.93059639619152e-78 0.96 1.41163e-09
rs2910688 1.02221e-07 5.90742037457399e-59 0.833 1.92514e-07
rs2910787 1.37337e-07 2.32774732142909e-60 0.85 3.36486e-07
rs2910788 8.71412e-10 7.47541291181074e-84 1 3.67145e-09
rs2910789 9.10149e-10 7.47541291181074e-84 1 3.93392e-09
rs2910792 7.88639e-10 7.47541291181074e-84 1 3.25761e-09
rs2910793 6.32981e-10 5.8382587210523e-83 0.96 9.85285e-10
rs2911130 0.248317 0.22800385240063 0.019 0.357299
rs2911131 0.243155 0.25323713507823 0.019 0.353317
rs2911132 0.242282 0.2252520598673 0.019 0.352714
rs2911134 0.0090995 1.30049906715165e-13 0.173 0.0111417
rs2911136 0.259495 0.22978447198079 0.019 0.369836
rs2911138 9.47263e-06 1.05450740515078e-06 0.146 0.000125582
rs2911139 2.13723e-05 4.65905859356276e-06 0.256 0.000188893
rs2911140 0.280871 0.230278650058027 0.019 0.392926
rs2927608 4.51677e-10 2.8326860036262e-82 1 1.71171e-09
rs2927609 5.48942e-10 6.30072843297738e-83 0.96 7.34981e-10
rs2927610 8.8612e-08 6.88776907192339e-41 0.618 1.77934e-07
rs2927611 0.292895 0.00849918316329034 0 0.265321
rs2927612 0.275091 0.0111642389440464 0 0.254299
rs2927613 0.980498 0.00785519777144757 0.004 0.973713
rs2927614 1.34608e-05 1.34668831591766e-05 0.167 5.80382e-05
rs2927615 0.0114941 0.241449446738642 0.091 0.0480898
rs2927619 8.0924e-06 2.23532244908365e-07 0.289 8.02748e-05
rs2927620 6.34243e-06 8.12915548507747e-06 0.128 0.00010559
rs2927622 0.259813 0.22978447198079 0.019 0.370526
rs30185 3.62555e-06 0.00323661213194451 0.161 5.9644e-05
rs30186 3.59924e-06 0.00323661213194451 0.161 5.93214e-05
rs30187 4.3177e-06 0.000922858094164034 0.303 5.50299e-05
rs30333 0.26296 0.150935836868866 0 0.228103
rs30334 3.01149e-07 0.00867172150153987 0.161 1.17931e-05
rs30376 0.000338578 9.00290577877944e-05 0.249 0.000644094
rs30378 5.0988e-06 0.000917492034629276 0.303 6.22452e-05
rs30379 4.55973e-06 0.000922907886353687 0.303 5.71822e-05
rs30380 4.55485e-06 0.000922858094164034 0.303 5.71641e-05
rs3096167 1.60746e-07 3.53192601588153e-53 0.833 3.46174e-07
rs3096168 2.50442e-07 3.30035539241089e-53 0.817 4.88012e-07
rs30996 0.0033525 0.00824204246131558 0.002 0.027746
rs30997 0.049576 0.491163222265108 0.001 0.0404015
rs30998 0.00710497 0.601932931850197 0.004 0.00622722
rs30999 0.00710497 0.601932931850197 0.004 0.00622722
rs31000 0.00475918 0.0935274893843629 0.002 0.0225229
rs31001 0.0875176 0.764477600917877 0.023 0.13612
rs31002 0.00967955 0.128278890637883 0.003 0.02648
rs31003 0.132087 0.891792974938131 0.023 0.189518
rs31004 0.00983193 0.162088799726913 0.003 0.0259827
rs31005 0.133622 0.906685307115984 0.023 0.191695
rs31006 0.126094 0.512912848191228 0.015 0.236913
rs31007 0.0170079 0.766742026542216 0.004 0.0139711
rs31008 0.0158422 0.507343492822941 0.002 0.0139214
rs31012 0.0841723 0.969936191845859 0.006 0.094762
rs31015 0.0971254 0.139621036439574 0.063 0.255112
rs31016 0.248975 0.267095025311927 0.028 0.541999
rs31018 0.297584 0.174027821982018 0.015 0.503575
rs31019 0.0395626 0.0117930986323205 0.087 0.0912957
rs31280 0.34523 0.34781027925514 0 0.462474
rs31398 1.59057e-07 8.86053994365262e-61 0.85 4.39847e-07
rs316178 0.0337106 0.631372084810493 0.025 0.0318191
rs316179 0.231932 0.0368028049280021 0.033 0.296601
rs316181 0.244094 0.0364050766226972 0.033 0.317546
rs316182 0.234914 0.0363845420881397 0.033 0.306713
rs316183 0.268094 0.0306625619791345 0.002 0.295739
rs316184 0.28101 0.0265318028086625 0.003 0.402208
rs316185 0.300753 0.0265721877098108 0.003 0.417792
rs316186 0.267682 0.0169010691018273 0.003 0.38281
rs316187 0.283391 0.0150643629522532 0.037 0.374622
rs316188 0.266324 0.0152646563403259 0.037 0.336418
rs316189 0.318328 0.0152970417484974 0.037 0.401569
rs316190 0.779312 0.549667124797247 0.01 0.991792
rs316191 0.261655 0.0169010691018273 0.003 0.37664
rs316192 0.248519 0.0169010691018273 0.003 0.354738
rs316193 0.225871 0.0169010691018273 0.003 0.323723
rs316194 0.23906 0.016910154343425 0.003 0.341146
rs316195 0.00232955 0.0593824905267307 0.002 0.0138148
rs316197 0.252758 0.0169191995111322 0.003 0.363762
rs316198 0.0600394 0.206872269594653 0.006 0.0414183
rs316199 0.869308 0.503982152150494 0.001 0.347617
rs316200 0.263396 0.0249830748727014 0.002 0.317755
rs316201 0.0345652 0.541495587849524 0.025 0.0361547
rs316202 0.0334359 0.541803650764906 0.025 0.0355105
rs316203 0.0450319 0.526037738224163 0.017 0.049542
rs316204 0.0383324 0.543154415413661 0.017 0.0428027
rs316205 0.0375272 0.543154415413661 0.017 0.0421658
rs316206 0.843301 0.215481195641019 0.009 0.761352
rs316208 0.849257 0.267408139902604 0.009 0.755912
rs316209 0.82125 0.217577683665749 0.01 0.804216
rs316210 0.833887 0.16613812310274 0.01 0.782071
rs316211 0.850583 0.223736690071128 0.009 0.74798
rs316212 0.737924 0.122702351427069 0.022 0.325633
rs316213 0.434616 0.512915208238876 0.006 0.884285
rs316214 0.228968 0.155914761006142 0.011 0.304638
rs316215 0.240401 0.0242135830905671 0.003 0.344669
rs316216 0.253618 0.0350868587332246 0.033 0.332714
rs316217 0.534744 0.729078946519404 0.01 0.759977
rs316218 0.0425722 0.543154415413661 0.017 0.0457051
rs316219 0.0374286 0.543239851436161 0.017 0.042852
rs316220 0.110044 0.00129840048223343 0.053 0.10788
rs316221 0.156641 0.0044165985382586 0.033 0.141964
rs316222 0.343608 0.0170856880624117 0.033 0.438759
rs316223 0.468527 0.394453622043552 0.025 0.479565
rs316224 0.458773 0.272416957935933 0.022 0.475935
rs316225 0.11498 0.00153185429312774 0.053 0.104559
rs316226 0.129573 0.00136241586280476 0.047 0.118788
rs316227 0.102646 0.00150563187611574 0.053 0.0957016
rs316228 0.101819 0.00148783513277701 0.053 0.0965176
rs316229 0.0429268 0.290831348222132 0.009 0.0310545
rs316232 0.80496 0.520244262397867 0.01 0.971661
rs316233 0.749817 0.524776203949259 0.01 0.969637
rs316234 0.746436 0.524776203949259 0.01 0.966723
rs317110 0.648985 0.537630970724531 0.001 0.320285
rs317111 0.577321 0.925074005067147 0.008 0.959755
rs317112 0.229408 0.292116297503806 0.001 0.100061
rs3213809 0.336798 0.132237683193274 0.095 0.326475
rs3214019 0.0439448 0.693218027875762 0.023 0.115523
rs3333 0.576547 0.339950320010676 0.095 0.650237
rs3334 0.594899 0.340406562453544 0.095 0.669592
rs3335 0.594654 0.340589245142194 0.095 0.669898
rs33934033 1.30725e-07 3.45628790062271e-59 0.833 2.87151e-07
rs34122360 0.363821 0.981259680173422 0.035 0.44204
rs34733 0.40859 0.14216349643613 0.005 0.320688
rs34734 0.395173 0.144651400876829 0.005 0.308616
rs34735 9.01691e-06 1.87418331219494e-05 0.122 5.10899e-05
rs34736 0.361416 0.140357200278947 0.005 0.282989
rs34737 2.04416e-08 2.70056679326961e-08 0.469 7.32107e-07
rs34750 1.4207e-07 2.84887413296499e-05 0.166 1.86802e-06
rs34751 8.71233e-08 2.01661257603625e-05 0.153 1.09801e-06
rs34752 9.42059e-08 1.79640770642228e-05 0.153 1.25479e-06
rs34753 6.95898e-08 6.44710521639334e-05 0.153 9.82942e-07
rs34755 1.11157e-08 2.10074396920943e-09 0.494 2.68314e-07
rs34756 6.8649e-08 6.24450500913659e-05 0.153 9.97054e-07
rs34757 6.8778e-08 6.23880887883487e-05 0.153 9.98809e-07
rs34758 0.0295886 1.47846507160073e-07 0.172 0.0627157
rs34759 6.8332e-08 6.15486158126172e-05 0.153 9.84515e-07
rs34760 6.73708e-08 6.09449693024134e-05 0.153 9.691e-07
rs34761 6.34226e-08 6.07120141726412e-05 0.153 9.21563e-07
rs34762 6.7296e-08 6.07120141726412e-05 0.153 9.64699e-07
rs34764 7.48776e-08 6.11194723350623e-05 0.153 1.1262e-06
rs34782647 0.97157 0.00235377191478113 0.006 0.895356
rs35134 6.13515e-08 6.15065639091186e-05 0.16 9.41813e-07
rs35136 1.13659e-05 0.407106053540619 0.134 7.48354e-05
rs35263065 0.718355 0.149887722989354 0 0.524431
rs35469836 0.0784224 0.0314779063989473 0.054 0.262392
rs35824066 0.265558 0.0876988734458802 0.002 0.387166
rs35898772 0.367785 0.0942064615232446 0.09 0.377541
rs35959356 0.917885 0.00127853779426534 0.003 0.983449
rs35983588 0.000681536 0.424655200932441 0.125 0.00400974
rs36091077 0.727314 0.149887722989354 0 0.529255
rs3733904 0.000769497 4.33483612301004e-07 0.218 0.000929511
rs3734010 0.205745 0.119426017450167 0.011 0.289924
rs3734015 1.94308e-08 1.67819097073507e-69 0.794 1.59186e-08
rs3734016 0.00408461 0.000483702830316908 0.025 0.0012054
rs3756623 0.0517439 0.723834339078669 0.023 0.132435
rs3797796 7.00461e-10 8.39031897570958e-84 1 3.37323e-09
rs3797797 0.0960048 0.72084117728704 0.035 0.114354
rs3797805 0.336271 0.13219615034037 0.095 0.325853
rs3797814 0.0213429 0.0503991447048077 0.057 0.0259271
rs38029 1.41746e-09 1.07531484736996e-81 0.96 2.91314e-09
rs38031 1.03859e-09 1.16645112855259e-81 0.96 1.87044e-09
rs38033 8.78754e-10 7.83833153301139e-84 1 3.83835e-09
rs38034 8.98356e-10 7.83833153301139e-84 1 3.8586e-09
rs38035 9.8177e-08 7.84594667261406e-61 0.85 2.88976e-07
rs38036 1.53276e-07 1.00563388500024e-60 0.817 4.20839e-07
rs38037 1.44262e-07 2.77234830026991e-50 0.833 4.09339e-07
rs38038 7.71364e-10 8.33265599239956e-84 1 3.57274e-09
rs38039 7.8911e-10 3.4422650097187e-81 0.96 1.6269e-09
rs38040 1.16357e-07 7.89395598655031e-61 0.85 3.07587e-07
rs38041 1.38136e-07 5.7341253881572e-61 0.833 3.93199e-07
rs38042 1.36593e-07 5.73024817459677e-61 0.833 3.85511e-07
rs38043 8.28825e-10 8.40580573074778e-84 1 3.76587e-09
rs38044 8.15238e-10 1.85394933093492e-82 1 3.73829e-09
rs3806936 0.000684678 4.88504414518044e-07 0.218 0.000801728
rs3806945 0.00955036 0.613480831483729 0.004 0.00763049
rs3816555 0.016467 0.00200190106204511 0.013 0.00846487
rs3822681 0.0430486 0.692990929389956 0.023 0.111834
rs3822682 0.0418544 0.692858886567718 0.023 0.112083
rs3822683 6.29605e-05 0.0150502414544589 0.137 0.000105287
rs3849749 8.4352e-10 4.37644321568882e-82 0.96 1.29698e-09
rs3849750 2.50451e-07 5.91809622021466e-59 0.817 4.88091e-07
rs3889528 0.122197 0.0297284112419015 0.018 0.492182
rs389536 0.467046 0.223057220018256 0.018 0.487603
rs3906410 0.250285 0.0170273051445891 0.003 0.36539
rs3909451 8.0178e-10 7.60777509444634e-84 1 3.46446e-09
rs392723 0.777191 0.0454072948410172 0.022 0.730218
rs39602 1.00628e-09 2.38215505272615e-83 1 3.72443e-09
rs39840 0.000165802 9.23277548318616e-05 0.122 0.000303463
rs39841 0.000344627 0.000560746657126539 0.249 0.000649156
rs3985002 6.2322e-06 1.52092127430994e-05 0.122 9.91244e-05
rs40089 0.407889 0.144552313284832 0.005 0.322666
rs40090 6.78089e-08 5.37136305596433e-06 0.153 9.77713e-07
rs40091 6.84836e-08 6.40223040282762e-05 0.153 9.89493e-07
rs4032064 0.389863 0.968695312913868 0.035 0.469981
rs40604 6.84855e-08 6.07120141726412e-05 0.153 9.87363e-07
rs4073423 0.37231 0.973604853557659 0.035 0.45292
rs4092590 0.00124927 2.27696416593366e-08 0.101 0.00134195
rs41135 1.00952e-05 0.000342790167797674 0.395 0.00028459
rs41276275 0.0528471 0.500629687710809 0.04 0.0806604
rs41276279 0.0744621 0.770358020095129 0.035 0.0962547
rs41506651 0.0305968 0.000196803303964811 0.11 0.0414053
rs421173 0.692353 0.123346776748054 0.022 0.303644
rs42398 0.000224919 9.24691453228082e-05 0.122 0.000407861
rs42443 7.02319e-08 6.07120141726412e-05 0.153 1.00557e-06
rs42983 1.25796e-07 1.25339747038876e-60 0.85 3.28555e-07
rs430827 1.08645e-09 1.44819328556498e-78 1 4.87832e-09
rs432482 0.242367 0.169896552982192 0.01 0.264937
rs43497 0.250015 0.0337414215277262 0.002 0.291327
rs4360063 8.78967e-10 7.60777509444634e-84 1 3.80948e-09
rs4397149 0.0844452 0.50954982633469 0.018 0.0717376
rs444243 0.0369093 0.537429449362613 0.017 0.0418855
rs444309 1.10266e-09 2.46595326937343e-78 1 4.68876e-09
rs445037 0.454041 0.512915208238876 0.006 0.936315
rs447803 0.843065 0.668470523840643 0.01 0.76756
rs467600 0.406487 0.0656630836251916 0.013 0.577828
rs467628 0.860492 0.000980195535356187 0.022 0.679064
rs467735 4.29909e-06 0.0035192759258978 0.161 6.4304e-05
rs468130 7.00142e-08 6.05128547769635e-05 0.153 1.00786e-06
rs469367 4.23833e-06 0.0079682754381693 0.161 6.33133e-05
rs469532 0.951358 0.000739669523667935 0.022 0.78883
rs469674 3.86398e-06 0.00129129221288016 0.161 6.1685e-05
rs469735 5.30897e-06 0.00129110624283336 0.161 7.89193e-05
rs469736 0.153704 2.3548617193712e-08 0.156 0.223103
rs469758 5.42608e-06 0.000912491472308252 0.303 6.46593e-05
rs469783 3.00179e-06 1.60372258262432e-06 0.458 5.6677e-05
rs469876 0.144041 1.86035497470881e-08 0.18 0.217248
rs4869150 0.00258348 0.059304261231829 0.002 0.0161664
rs4869151 0.98225 0.780380286820338 0.022 0.918922
rs4869152 0.318615 0.129868599072678 0 0.147369
rs4869311 1.78692e-08 7.34622919689833e-69 0.794 1.45329e-08
rs4869312 1.80949e-08 7.30287744035015e-69 0.794 1.45532e-08
rs4869313 3.80644e-09 5.6454292622087e-79 0.92 6.17689e-09
rs4869314 4.90662e-09 4.65661110368021e-64 0.794 5.05281e-09
rs4869315 2.15716e-08 3.57950631270168e-31 0.576 2.3401e-08
rs4869316 1.99304e-05 2.52217953907512e-27 0.519 1.76675e-05
rs4869317 0.00536106 1.61190373816673e-15 0.398 0.0102659
rs4869322 0.950934 0.832656507159724 0.019 0.986174
rs55658367 0.066882 0.787126281004554 0.035 0.0781551
rs55680804 0.765609 0.220226626340635 0.008 0.725133
rs55691766 1.2737e-08 5.69604852968654e-52 0.794 1.09987e-08
rs55695458 0.883815 0.972105238804576 0.047 0.677859
rs55733259 0.0323061 0.0946933924787482 0.018 0.0418284
rs55746248 0.0527611 0.500804035159937 0.04 0.0805971
rs55758036 0.170225 0.0548638055886052 0.088 0.173001
rs55767008 0.0950994 0.719898976240329 0.035 0.112891
rs55769558 0.0597502 0.498935537902244 0.04 0.0939261
rs55770741 5.47846e-09 3.60668278583561e-78 0.92 6.9551e-09
rs55773007 0.405548 0.279883353367677 0.09 0.430194
rs55858532 0.0257559 0.0892507454078616 0.018 0.0289123
rs55870170 0.0952721 0.719807257295463 0.035 0.113068
rs55996659 0.584912 0.352801272332589 0.095 0.662146
rs56002769 0.072324 0.762276184612438 0.035 0.100029
rs56003936 0.0713796 0.768870175072139 0.035 0.0978071
rs56009267 0.0629283 0.498935537902244 0.035 0.0963321
rs56035075 0.158756 0.0543799262240803 0.088 0.160377
rs56058457 0.177747 0.0610237309465566 0.088 0.185635
rs56071818 0.0710727 0.742978951515331 0.035 0.100517
rs56078010 0.0686993 0.768822522168634 0.035 0.0952846
rs56081352 0.0326903 0.0945482916871497 0.018 0.0423284
rs56116814 0.853601 0.986429685100018 0.047 0.657579
rs56119802 0.585355 0.353370021988739 0.095 0.660243
rs56122780 0.683449 0.957215597053689 0.025 0.626031
rs56190831 0.0322313 0.0947243685579706 0.018 0.0416957
rs56197090 2.00947e-08 1.67240945318472e-69 0.794 1.65562e-08
rs56213813 0.525263 0.58706511604227 0.095 0.614559
rs56244028 0.0479193 0.736138105267892 0.023 0.122079
rs56257788 0.87705 0.972164037183046 0.047 0.677367
rs56285155 1.71708e-05 3.18601399148448e-27 0.519 1.56048e-05
rs56295110 0.0539676 0.0996675191671457 0.011 0.0556658
rs56319744 0.379397 0.282472338255628 0.09 0.399559
rs56325109 0.532073 0.613177528349306 0.095 0.619053
rs56363885 0.0316666 0.0947553662845321 0.018 0.0409481
rs56395748 0.37684 0.0943861218400694 0.09 0.392487
rs56410653 0.731097 0.355627701919351 0.012 0.917853
rs56414182 0.142402 2.72895452771998e-05 0.115 0.118189
rs57196504 0.120437 0.000917973963302519 0.018 0.134662
rs57204547 0.102349 0.000930249234145304 0.018 0.0760668
rs57298362 0.382944 0.125126550379595 0.014 0.438621
rs57608661 0.0910527 0.000915999869168031 0.018 0.0663875
rs57663955 0.412757 0.0980392764809342 0.014 0.459584
rs57726714 0.00248841 0.0590225344991818 0.002 0.0149287
rs57889668 4.95064e-05 0.0149676944808712 0.137 9.02213e-05
rs57890546 0.0432054 0.692762045410505 0.023 0.114134
rs58587603 0.379906 0.098035375478626 0.014 0.437154
rs59041418 0.0984285 0.000931056769368866 0.018 0.0806838
rs59151681 0.383498 0.098254779868158 0.014 0.439141
rs59152856 0.101632 0.000917973963302519 0.018 0.0752435
rs59781414 0.101735 0.000915999869168031 0.018 0.0745405
rs59898871 0.0960919 0.000916322399796021 0.018 0.0718673
rs59936742 0.801177 0.969181644285929 0.019 0.872748
rs60218205 0.0217994 0.0939322275471089 0.011 0.0265455
rs60269403 0.285454 0.00515380354351707 0.031 0.156329
rs60376893 0.383498 0.0981747804640761 0.014 0.43911
rs60482981 0.290831 0.00512572241780269 0.031 0.162231
rs60510178 0.102352 0.000930249234145304 0.018 0.0760639
rs60792454 0.404778 0.0981760603498579 0.014 0.454694
rs60882672 0.855073 0.230893818662022 0.008 0.807087
rs61077558 0.285115 0.00515380354351707 0.031 0.154594
rs61112531 6.97576e-06 5.05423986180792e-06 0.128 0.000111275
rs61227121 0.404793 0.0981133576931501 0.014 0.454694
rs61745685 0.487669 0.0172245779829662 0.069 0.695967
rs62364722 0.964181 0.00240314661642208 0.007 0.857419
rs62364747 0.730593 0.0346237918134526 0.031 0.627389
rs62364748 0.563911 0.0174057862597742 0.069 0.716091
rs62364750 0.487294 0.0181504432837509 0.069 0.641091
rs62364751 0.480104 0.0181504432837509 0.069 0.635514
rs62364752 0.487245 0.0181504432837509 0.069 0.654213
rs62364753 0.480753 0.0181504432837509 0.069 0.639004
rs62376386 0.482235 0.0181504432837509 0.069 0.63767
rs62376387 0.226789 0.00720322385937547 0.18 0.301162
rs62376388 0.220769 0.00292785368935699 0.213 0.267411
rs62376389 0.553539 0.0181537973722632 0.069 0.714012
rs62376391 0.557149 0.0181537973722632 0.069 0.719342
rs62376392 0.538211 0.0181504432837509 0.069 0.691014
rs62376413 0.896808 0.0122622485221201 0.044 0.568662
rs62376414 0.562662 0.0181504432837509 0.069 0.735633
rs62376415 0.563559 0.0181504432837509 0.069 0.735466
rs62376416 0.559656 0.0181504432837509 0.069 0.732386
rs62376418 0.597666 0.019605397578468 0.069 0.758533
rs62376419 0.599408 0.019605397578468 0.069 0.759967
rs62376420 0.581145 0.0196413369629337 0.069 0.7503
rs62376421 0.0453063 0.104250345938049 0.087 0.135314
rs62376422 0.0459244 0.103633922490147 0.087 0.133812
rs62376449 0.0283082 0.000185367609338936 0.11 0.030958
rs62376451 0.000407311 4.33483612301004e-07 0.218 0.000535497
rs62376452 0.000379499 4.33483612301004e-07 0.218 0.000497787
rs62377109 0.849683 0.968751635253472 0.019 0.845457
rs62377802 0.240093 3.69331163081153e-05 0.115 0.177174
rs62377827 0.00528552 1.61538054565619e-15 0.398 0.010306
rs647031 0.428129 0.0888165249120898 0.005 0.334696
rs6556942 6.91795e-09 4.28085510252289e-79 0.92 7.88046e-09
rs6556943 6.10108e-08 5.40013149674274e-59 0.833 1.44723e-07
rs6556945 0.499118 0.504535640212452 0.001 0.513123
rs66468220 0.00108146 2.03469591822092e-08 0.101 0.0011044
rs67140788 0.45919 0.320761649505296 0.09 0.505857
rs67888194 0.000344094 5.15260009921477e-13 0.194 0.000651887
rs6859160 3.41083e-07 8.6581721168483e-59 0.833 5.18349e-07
rs6859168 1.66073e-09 2.11779983226557e-81 0.96 1.6934e-09
rs6861399 0.791535 0.23485632477491 0.01 0.772674
rs6861666 0.171158 0.0541393525103083 0.088 0.174592
rs6861811 0.374785 0.975728287144932 0.035 0.448614
rs6863597 0.779885 0.893617382325795 0.003 0.847217
rs6864233 0.806271 0.977655256591834 0.051 0.595852
rs6865929 0.0566929 0.00587482623953515 0.014 0.0533352
rs6866020 0.17105 0.0541393525103083 0.088 0.174448
rs6867338 0.0168036 0.0892507454078616 0.011 0.0206892
rs6868302 1.6307e-08 1.1905129629049e-68 0.794 1.22684e-08
rs6868625 0.000348506 6.48705561601847e-13 0.16 0.00113449
rs6870825 1.27194e-07 2.34221588692666e-60 0.85 3.01109e-07
rs6871449 0.0505048 0.692762045410505 0.023 0.131034
rs6873441 1.60794e-07 8.6581721168483e-59 0.833 3.46809e-07
rs6873866 6.93064e-10 1.21080797239989e-62 0.96 1.07261e-09
rs6873990 0.166234 0.0555431438351827 0.088 0.171268
rs6874656 1.60746e-07 8.20697807453673e-59 0.833 3.46174e-07
rs6875109 0.66643 0.0256992252961085 0.054 0.397486
rs6876481 0.000792583 8.39063663133776e-12 0.171 0.00188438
rs6879678 1.53141e-07 4.00768294216767e-57 0.833 4.22321e-07
rs6880490 0.000792769 8.4000642216054e-12 0.171 0.00188801
rs6883674 0.0774686 0.560820627112399 0.018 0.0684348
rs6883859 0.0774686 0.560820627112399 0.018 0.0684348
rs6884540 0.0565712 0.00587482623953515 0.014 0.0534616
rs6887500 8.75681e-10 2.8364266333993e-83 1 3.72271e-09
rs6887763 0.0647239 0.00543814281362752 0.014 0.0603517
rs6888479 0.0736435 0.00537783391562053 0.014 0.0691399
rs6896160 0.00801587 0.613480831483729 0.004 0.00664905
rs695965 8.63154e-08 2.21090315036697e-05 0.16 1.13251e-06
rs697976 0.838559 0.885891219595492 0.04 0.630493
rs7063 0.00416309 0.0678413429967577 0.047 0.00817317
rs709668 1.1699e-05 1.87323680824802e-06 0.146 0.000168664
rs71630748 0.988114 0.00234429547869538 0.007 0.917212
rs71630754 0.000640312 0.424547782581106 0.125 0.00390412
rs716848 5.48794e-10 6.355927121939e-83 0.96 7.70044e-10
rs72772092 0.872346 0.974874440135816 0.047 0.675768
rs72772095 0.926925 0.963210981522647 0.047 0.738248
rs72773905 0.468393 0.967564994310506 0.051 0.421778
rs72773906 0.717831 0.579434231156156 0.042 0.744972
rs72773912 0.711228 0.60133932497063 0.042 0.742699
rs72773917 0.59591 0.367222933465042 0.095 0.664856
rs72773919 0.141261 0.131068347910684 0.054 0.174096
rs72773922 0.438738 0.314661539179652 0.09 0.480829
rs72773923 0.436877 0.307855537320726 0.09 0.474433
rs72773932 0.426265 0.305349509909456 0.09 0.465541
rs72773942 0.407145 0.280966559881666 0.09 0.431001
rs72773947 0.405284 0.279883353367677 0.09 0.429993
rs72773968 0.401957 0.282172965122594 0.09 0.429856
rs72773969 0.413278 0.281285633920709 0.09 0.381359
rs72773981 0.393729 0.256142309177534 0.09 0.384879
rs72773986 0.406776 0.254270880931909 0.09 0.397915
rs72773989 0.386647 0.223974494068241 0.09 0.358485
rs72773991 0.39572 0.223910607848223 0.09 0.374966
rs72775805 0.0904765 1.82935135934045e-06 0.129 0.239498
rs72775807 0.378059 0.0942064615232446 0.09 0.39256
rs72775809 0.341093 0.094932915662442 0.09 0.347916
rs72775810 0.339688 0.094912044636182 0.09 0.347023
rs72775817 0.365551 0.0932728402831066 0.09 0.376909
rs72775818 0.340265 0.0873057429231817 0.09 0.354586
rs72777622 0.263365 0.017054125534586 0.003 0.388349
rs72777626 0.28438 0.662556791711437 0.004 0.178017
rs72777631 0.547302 0.959766012585353 0.042 0.528086
rs731021 0.00730418 0.748079973201734 0.018 0.01359
rs73141197 0.0977648 0.000927548274372702 0.023 0.0737697
rs73143181 0.844591 0.221379132304758 0.008 0.793103
rs73148371 0.00347713 0.000412764845952224 0.031 0.00121139
rs731827 0.0237201 0.0519749216929467 0.052 0.0282566
rs7341048 0.954751 0.952710362789037 0.019 0.713699
rs7356594 0.017388 0.0503991447048077 0.052 0.0228047
rs74319443 0.0680068 0.769585896116114 0.035 0.0949396
rs74326599 0.178061 0.00496076541711478 0.031 0.0986146
rs74343853 0.389479 0.0988737569532055 0.014 0.443633
rs74413565 0.027628 0.0892507454078616 0.018 0.0347503
rs74518140 0.0659458 0.7632482831479 0.035 0.0776907
rs74539718 0.387525 0.0989958202995295 0.014 0.441866
rs74554728 0.391125 0.0986090919823649 0.014 0.442052
rs74568289 0.0690261 0.742411497291858 0.035 0.0987046
rs74570585 0.173952 0.00494697915315409 0.031 0.0943804
rs74590165 0.0690261 0.742411497291858 0.035 0.0987046
rs74602852 0.00434504 0.000482487629349472 0.025 0.00125142
rs74703738 0.15912 0.0541393525103083 0.088 0.160881
rs74724171 0.0655084 0.749810210005685 0.035 0.0924547
rs74836438 0.369925 0.0988933031139703 0.014 0.421923
rs74930833 0.000163563 5.42370299706353e-05 0.022 0.000118121
rs74941991 0.0318595 0.0942286317019179 0.018 0.0413343
rs74942733 0.050277 0.128844060348704 0.018 0.0613604
rs74975998 0.419222 0.0976797506502392 0.014 0.46315
rs74999885 0.341338 0.134729295387284 0.017 0.393121
rs75006507 0.40575 0.0985172123979074 0.014 0.455501
rs75104853 0.849456 0.968873914977722 0.019 0.846521
rs75117970 0.389568 0.0988737569532055 0.014 0.443742
rs75129829 0.028112 0.0892507454078616 0.018 0.0371145
rs75202025 0.0718267 0.752026135932773 0.035 0.100166
rs75223548 0.0776737 0.527392330347457 0.022 0.0684567
rs75245350 0.391878 0.0970697910570519 0.014 0.438388
rs75275353 0.389532 0.0988214746103533 0.014 0.443717
rs75352743 0.0776635 0.560820627112399 0.018 0.0684339
rs75417461 0.0638684 0.788855625561522 0.035 0.0743509
rs75418784 0.1012 0.000926494500961593 0.018 0.0749771
rs754615 0.334446 0.11369422440839 0.02 0.277851
rs75502358 0.0680334 0.769108555750412 0.035 0.0950344
rs75508776 0.00623874 0.000767902061825522 0 0.00278466
rs75681564 0.290709 0.00512192072222638 0.031 0.161985
rs75729195 0.0274663 0.0892507454078616 0.018 0.0347271
rs75746152 0.0708025 0.74211470044626 0.035 0.0992856
rs75747899 0.0289247 0.0892507454078616 0.018 0.038703
rs75755560 0.0585838 0.500804035159937 0.04 0.0803304
rs75784526 0.389778 0.0984680721164911 0.014 0.445106
rs75851006 0.102059 0.000929743131987682 0.018 0.0757884
rs75854356 0.412881 0.097875984512556 0.014 0.46486
rs75862629 0.163304 0.0900118118708183 0.088 0.16884
rs75908370 0.17197 0.0555689487184524 0.088 0.175861
rs75934458 0.0294627 0.0916683936789129 0.018 0.038845
rs75945206 0.388928 0.0988474743801969 0.014 0.44314
rs76001124 0.0774686 0.560820627112399 0.018 0.0684348
rs76003233 0.288062 0.00515802811247111 0.031 0.157615
rs76052527 0.018529 0.0916973840572289 0.018 0.0262328
rs76086084 0.00436074 0.000483702830316908 0.025 0.00129123
rs76123148 0.390188 0.0987482317239969 0.014 0.44438
rs76124346 0.0325046 0.476005291432287 0.018 0.0702413
rs76148294 0.564237 0.922897890206456 0.012 0.668777
rs76219084 0.100738 0.000920682484884724 0.018 0.0743449
rs76241969 0.880883 0.000106839261634026 0.068 0.848033
rs76283220 0.390049 0.0987482317239969 0.014 0.444226
rs76376626 0.377345 0.0977927675253651 0.014 0.441103
rs76495933 0.0777426 0.608369048419447 0.018 0.0684957
rs76507650 0.0714434 0.742496385639618 0.035 0.100844
rs76530425 0.392228 0.094987098076538 0.014 0.446162
rs76553822 0.00425873 0.000483578262680436 0.025 0.00123336
rs76608008 0.391446 0.0986879958940404 0.014 0.445572
rs76641636 0.0454369 0.692858886567718 0.023 0.122256
rs76668981 0.386506 0.0955428792530926 0.014 0.438239
rs76786753 0.073215 0.769442613133868 0.035 0.101922
rs76805476 0.0659022 0.787798153207248 0.035 0.0775786
rs76819333 0.391004 0.0987088935438246 0.014 0.445172
rs76846652 0.0694381 0.768631988144266 0.035 0.0951179
rs76849192 0.721502 0.894696584482747 0.012 0.78352
rs76899602 0.101422 0.000927152192585626 0.018 0.0751783
rs76970038 0.0314551 0.0939017691399766 0.018 0.0408867
rs76995446 0.39022 0.0987088935438246 0.014 0.444158
rs7700332 1.62247e-07 3.03467250440697e-59 0.833 4.51414e-07
rs7702914 0.101467 0.000927641639538898 0.018 0.0753631
rs7702930 0.101621 0.000927247599620801 0.018 0.0753706
rs7703341 8.09892e-10 1.27417410539109e-83 1 3.53549e-09
rs7703449 0.101767 0.000928374977244015 0.018 0.0755269
rs7703709 0.598558 0.375955969770007 0.005 0.397055
rs7704410 0.238567 0.0365655157224132 0.033 0.307765
rs7705093 5.6804e-10 1.07442051214842e-55 1 3.82452e-09
rs7705827 0.0382813 0.067510621196036 0.043 0.0497146
rs7706943 0.368873 0.0494143423313668 0.029 0.159566
rs7708451 0.388833 0.0984020874395526 0.014 0.438356
rs77094181 0.0477233 0.106955162539434 0.087 0.137319
rs7711564 0.190839 1.34067480971662e-08 0.087 0.163263
rs77123401 0.0313264 0.0941673385828997 0.018 0.0420099
rs77124931 0.282076 0.00515802811247111 0.031 0.151967
rs7713127 1.5903e-07 1.96679752425882e-60 0.833 4.09198e-07
rs7714122 0.0777426 0.560820627112399 0.018 0.0684957
rs77147142 0.0525304 0.136548582733634 0.018 0.0656077
rs7716222 8.80279e-10 7.60777509444634e-84 1 3.66936e-09
rs77166924 0.397548 0.0985893542933255 0.014 0.450911
rs7717829 0.52074 0.743794593841039 0.01 0.742067
rs77192040 0.288774 0.0051390050538922 0.031 0.159603
rs7719293 0.075625 0.789736714694402 0.04 0.0955267
rs7719380 0.895576 0.201258339192426 0.01 0.732783
rs7720052 0.101621 0.000927247599620801 0.018 0.0753706
rs77202274 0.384088 0.0988933031139703 0.014 0.439669
rs7720969 0.340418 0.0272180967700674 0.029 0.146349
rs7721014 0.0776737 0.560820627112399 0.018 0.0684567
rs7721944 1.80936e-08 8.63195705844283e-69 0.794 1.45478e-08
rs7722694 9.59576e-08 7.91522449316406e-61 0.85 2.86039e-07
rs7724759 0.906317 0.00273909880794701 0.009 0.951076
rs7726445 7.94677e-10 7.56336812776362e-84 1 3.40625e-09
rs7728999 0.0774782 0.560820627112399 0.018 0.0683973
rs7729489 0.0774749 0.560820627112399 0.018 0.0683926
rs77303760 0.415667 0.0976294159325795 0.014 0.462144
rs77307641 0.386063 0.0987721860668424 0.014 0.440398
rs7731592 8.68764e-10 7.58922344162795e-84 1 3.69049e-09
rs7733301 0.0774782 0.560820627112399 0.018 0.0683973
rs7733312 8.46133e-10 5.96177974539742e-82 0.96 1.64279e-09
rs77350916 0.371768 0.0985763954032435 0.014 0.426083
rs7736193 0.810572 0.0010552681725732 0 0.963306
rs7736466 1.62355e-07 1.9595241229088e-60 0.833 4.25357e-07
rs77373332 0.0690261 0.742411497291858 0.035 0.0987046
rs77387196 0.390168 0.098517149668048 0.014 0.445261
rs77402415 0.364491 0.0989066440413753 0.014 0.429422
rs77416136 0.766798 0.38095939934207 0.012 0.942883
rs77451772 0.00940715 0.000937966473658354 0.005 0.00487144
rs77453855 0.15805 0.0541393525103083 0.088 0.160087
rs77455061 0.39165 0.0986879958940404 0.014 0.445759
rs77458442 0.387115 0.0987794654507371 0.014 0.441431
rs77517261 0.0311907 0.0932126735215044 0.018 0.0407379
rs77570530 0.382669 0.0986370783675692 0.014 0.4385
rs77607300 0.0320086 0.095015978346321 0.018 0.0410954
rs77661606 0.0831015 0.00154603503928728 0.018 0.0589891
rs77829813 0.413682 0.0972792367888885 0.014 0.460517
rs77878869 0.391252 0.0986732564495971 0.014 0.443742
rs77899856 0.171203 0.0545843543320221 0.088 0.174763
rs77931764 0.0680334 0.769060864141592 0.035 0.0950344
rs77955889 0.387058 0.0988160733413635 0.014 0.441354
rs77977182 0.0965658 0.527392330347457 0.022 0.0948184
rs78004195 0.1012 0.000926494500961593 0.018 0.0749771
rs78021979 0.0497892 0.129037347021207 0.018 0.0611598
rs78153581 0.0680334 0.769060864141592 0.035 0.0950344
rs78160288 0.0725025 0.741178175240284 0.035 0.101591
rs78296470 0.390168 0.0985541936478811 0.014 0.445261
rs78356220 0.0289155 0.0892507454078616 0.018 0.0389004
rs78378074 0.412841 0.0976282183487248 0.014 0.464851
rs78470178 0.0774703 0.560820627112399 0.018 0.0684376
rs78689707 0.0597053 0.498935537902244 0.04 0.0935104
rs78698852 0.0318595 0.0942286317019179 0.018 0.0413343
rs78721094 0.38372 0.0983641344853508 0.014 0.439259
rs78736528 0.389692 0.0988214746103533 0.014 0.443828
rs78888439 0.0775403 0.560820627112399 0.018 0.068254
rs79004828 0.383125 0.0989096541302534 0.014 0.433781
rs79007475 0.406171 0.0983678168034721 0.014 0.4543
rs79008734 0.102814 0.000932600007951425 0.018 0.076466
rs79034310 0.171949 0.0555964904677245 0.088 0.175817
rs79087113 0.0322973 0.096669741138361 0.011 0.0355632
rs79090366 0.099642 0.000920825068526496 0.018 0.0734941
rs79096031 0.391118 0.0986238407447103 0.014 0.444957
rs79137981 0.0303575 0.092029936808111 0.018 0.0401773
rs79154166 0.388284 0.0985272331677915 0.014 0.443287
rs79155073 0.00446199 0.000483724583506001 0.025 0.00104915
rs79190580 0.0492519 0.527392330347457 0.022 0.0449789
rs79273273 0.064639 0.788100026110877 0.035 0.0752346
rs79281461 0.419166 0.0976641892728489 0.014 0.463078
rs79333364 0.095544 0.720657006550246 0.035 0.113244
rs79353054 0.0314249 0.094075560259064 0.018 0.0407965
rs79424541 0.0708019 0.768203741707504 0.035 0.0981153
rs79450631 0.386542 0.0986407618464037 0.014 0.440938
rs79488773 0.0523021 0.500629687710809 0.04 0.0800169
rs79506587 0.00110077 0.0010452932740409 0.04 0.00107405
rs79556223 0.101292 0.000927152192585626 0.018 0.0750581
rs79592505 0.0275704 0.0892507454078616 0.018 0.0359077
rs79614094 0.0708025 0.74211470044626 0.035 0.0992856
rs79622368 0.389047 0.0988820577846163 0.014 0.443213
rs79626725 0.74096 0.359328766891343 0.012 0.915307
rs79631011 0.0724239 0.763629021624133 0.035 0.100044
rs79753192 0.0630416 0.788553229252899 0.035 0.0741429
rs79809536 0.0310964 0.0931616279945326 0.018 0.0406227
rs79813444 0.391246 0.0986212207022554 0.014 0.445102
rs79818663 0.0638684 0.788855625561522 0.035 0.0743509
rs79846252 0.390808 0.0986732564495971 0.014 0.44469
rs80053644 0.0620146 0.498935537902244 0.04 0.0991695
rs80068935 0.0319009 0.0950471606571182 0.018 0.0411045
rs80183034 0.405112 0.098223966023339 0.014 0.454944
rs80284550 0.0724239 0.763582256239028 0.035 0.100044
rs845028 7.34457e-06 1.0210839188559e-05 0.122 4.47557e-05
rs845029 0.282928 0.0790772789899172 0.005 0.198005
rs8654 0.167718 0.149776977728822 0.001 0.336931
rs9127 1.90722e-07 1.52724170840201e-55 0.794 2.40291e-07
rs9314181 8.03348e-10 7.77920070791506e-84 1 3.80869e-09
rs9314189 0.608572 0.56156825753613 0.005 0.585577
rs968218 8.13519e-06 1.91746700452204e-29 0.365 1.49316e-05
rs9918187 0.735296 0.595625278580055 0.036 0.985314
rs998509 0.236659 0.688232099691011 0.03 0.108668
