rs1363974.geno ERAP2.exp.PCcorr
1 0.880857404719957
1 1.03752457520782
0 -2.25075427463736
1 0.457674384429736
0.58 -0.387787215810968
0 -1.81326666243227
1 1.0327979933451
0 -1.10854070990253
1 0.270935906404015
0 -1.64936066824117
2 0.900501444106177
2 1.45939218948058
0.004 -2.13628342231857
1 0.819917030371903
0 -2.05592036517729
1 0.48710777956937
1 0.403597465792002
0.002 -0.752189211758734
1 -0.858666219765743
1 0.726843087236706
1 1.5347165933803
2 2.00160789186784
1 0.570555788167447
0 -2.8311118681537
1 0.543366204899794
1 0.0386784876854781
1 0.614901057808087
1 0.336873295441261
0 -1.76437297453963
2 1.49211332316315
1 0.538144112982654
2 0.991215562496839
0 -2.0668969981867
1 0.348540067505012
1 0.435147696651569
0 -2.14841587088663
0 -1.6442872761843
2 2.22537283333608
1 0.173481060250787
0 -2.30645365731436
1 0.920180160244118
0 -2.1555353034989
0 -1.90769705214789
0 0.214653925728414
1 1.24241752152649
1 0.523361558777856
1 0.501465054238168
1 0.738425958097139
1 -1.14955404893382
1 0.991781796317572
1 0.98016502024577
2 1.3829337300553
0 -1.33130781188426
1 0.437752013660846
0 -2.00484962408747
1 0.455125267204262
0 -1.78363241109847
0 -1.56231954619493
1 0.868095240222834
1 1.24553677533263
1 -0.0228732980625803
1 0.460135263537451
1 1.0460130476916
1 0.577189383957527
0 -1.51945211564153
1 -0.285380496289293
2 0.95155639643111
0 -1.6306907799693
1 1.08190835216844
0 -2.4597027850695
1 0.363201792434923
1 1.12271991947625
2 0.970288988764161
2 1.53584995294654
0 -2.26830874059927
0 -1.75166211115881
1 0.804389604140648
1 0.521968170307031
0 -2.56690254366627
0 -1.27241286807354
0 -1.80946252505652
0.002 -1.19816834562948
1 0.435790472867664
2 0.872985454787031
1 1.0369971044121
0 -2.28716710073715
1 0.720847166055226
1 0.451167775221624
0 -1.84354190319915
1 0.491693676918968
1 0.314924125002564
0 -1.99102382484892
1 0.584695507262826
1 0.427838123284632
1 0.649691216150029
1 -0.294298531792361
0 -1.66672089597424
1 1.23815508950629
1 0.830288681327065
1 0.291850156639106
0 -1.80102442829014
1 -0.368208046524445
1 0.455314763108033
0 -1.7715254695784
0 -1.38827308141264
1 0.853639444354182
1 0.314193908853004
1 0.471260483192151
1 0.725149474162558
2 1.56015468069431
1 0.883149684460433
0 -1.51901450226919
1 -0.804644431369093
2 0.918419614906349
2 0.685810880817368
2 0.620869724861484
2 0.776701512837403
1 0.881158745325558
2 1.67704197928502
1 0.81726664276778
0 -1.64261811444702
2 1.22243358767652
2 1.19604079117622
1 0.469886724531955
0 -2.30591948699257
0 -1.2460060789768
1 0.375641778568831
1 1.28926029262806
0 -1.91137456867903
0 -2.13973182113289
2 0.921667041505533
1 0.586586042105036
0 -1.43242202904125
2 2.08103330158827
1 0.676825468828823
0 -2.42378028202956
1 0.326155716497629
2 1.42077394262476
2 1.45210433170483
2 0.954340221223338
0 -1.07882287729064
0 -1.56160135659122
1 0.37841514626364
0 -2.18403305092226
1 0.509924413726461
1 1.34946289922316
2 1.42468450360458
1.18 0.99183390880263
1 0.880087113700075
1 0.97002095169696
2 1.28421785922384
1 0.538164208089164
2 1.56040262649552
0 -1.75347702550293
0 -1.24119939968122
1 0.624291630674465
0 -1.85120060192841
1 0.0218615309275705
0 -1.66691030506959
1 0.405407460913083
0 -1.45396479570273
2 0.872933793199531
0 -2.36879406045344
1 -0.0511931958023616
2 1.60446464808428
2 1.51688356712752
2 1.78791747310198
1 -1.50720648784869
0 -1.57515021034621
1 0.529511265696644
1 -0.300882112977542
0 -1.89323276633474
1 0.327655657275498
1 0.370505870981983
1 0.110386426148822
2 0.46776763135623
1 0.825972625920626
2 1.12400830649234
1 0.465089044490592
1 0.982219111757081
1 0.60438437103561
1 0.478685804191719
1.06 0.00239062391279762
0 -1.47639943302458
0 -1.57022781143246
0 -1.74235399699105
1 0.356903618386423
1 0.93840584256873
1 0.604695903180342
0 -1.57698582974779
1 0.825327638220186
1 0.331185516268203
1 0.414322294996242
1 0.557938880440921
1.124 0.633287680549075
0 -1.78825131147535
1 0.298364072995837
1 0.0672796351731942
1 -0.213360429598149
1 0.547305698085032
0.004 -1.03661059867631
1 0.854038643005186
1 1.43117037860747
1 0.731426507293362
1 1.06595366932612
0 -1.42913750434854
1 0.681324403187412
1 0.0554764193947997
1 -0.251393778497416
2 0.820998483397367
2 1.21638129920408
1 0.16251738482976
0 0.619190707148522
0 -1.69263012042668
0 -1.7782136292383
2 1.14793862896433
1 0.245628534893093
1 0.700920679555769
0 -2.13346101667859
1 0.89548499229902
0 -1.2660168804107
0 -1.8224363225315
0 -1.21833737659543
2 1.71781024162901
1 1.01538334229907
2 1.33793196984817
1 0.727694447525749
0 -1.19540495134392
1 1.07602121078437
1 0.129542823276608
1 1.31305010676277
1 0.346234299673942
2 1.21342254569717
0 -1.66013470466316
2 1.97206127335289
2 0.968472618028414
1 0.268912541178137
1 0.656792445448144
1 0.304107962930107
1 0.740590183593452
1 0.473814129656873
1 1.50766046929107
0 -2.19498155896433
1 0.689646087996013
1 0.934569756178739
