SNP BETA SE P MAF N
rs7237554 0.00732030490682385 0.00977146318087899 0.454229467427921 0.314496 414
rs17792135 0.0153283467230281 0.0139486214614009 0.272500973892511 0.109621 414
rs72969282 0.00398097766813006 0.0186418762428159 0.83101231332689 0.0511083 414
rs12104080 0.013611320741174 0.0116693774514071 0.244178760213893 0.171921 414
rs34504556 0.0159675536323755 0.0140197648097442 0.255449142938466 0.109623 414
rs7239222 0.0136138031596463 0.0116689984264411 0.244077618591691 0.171897 414
rs7239541 0.0136165860625311 0.0116685423447518 0.243963003883903 0.171866 414
rs11151537 0.00716802750095261 0.00975274622993786 0.462807875579782 0.314691 414
rs10871657 0.00727264737697531 0.00977207788330385 0.457198918144803 0.31387 414
rs11151538 0.0170191392717022 0.0111227593894493 0.126819417266708 0.200974 414
rs66559245 0.0153178940799329 0.0139480258205002 0.272807132943779 0.109677 414
rs9960950 0.0151712128621814 0.0117108262226097 0.195938996988557 0.17164 414
rs11874101 0.000946774556161068 0.0133190588457937 0.943368143440144 0.157695 414
rs12965368 0.00612884130574534 0.00936598464047712 0.513267790516124 0.472477 414
rs11877302 0.014303882022196 0.0116317698555248 0.219560795706005 0.171689 414
rs12456381 -0.0033783235240876 0.0144081672837536 0.814744219405673 0.102985 414
rs35073462 0.0163409146778026 0.0140194555751835 0.244511996993536 0.109036 414
rs2364890 -0.00596713616162982 0.0106673438409947 0.576229556338189 0.246831 414
rs72951516 0.0168268510700309 0.013970733180096 0.229170817976554 0.109203 414
rs12953478 0.00201087961319945 0.00945570992988989 0.831703863362424 0.445211 414
rs66731808 0.0170990755211976 0.0139603105780036 0.221396145743248 0.10934 414
rs1790596 0.00503888270985616 0.00953854469272662 0.597623535345635 0.401448 414
rs7233828 -0.00502477887234214 0.00938201466374426 0.592565149965072 0.428461 414
rs118080895 -0.00261784097071514 0.0175890421769139 0.881763865278854 0.0755217 414
rs72951528 0.0101500691920159 0.018034597479461 0.57389550318398 0.0523001 414
rs7237952 -0.0148301934578336 0.0112040840473169 0.186417798927861 0.23253 414
rs75768848 0.0136377537347341 0.0235785793589887 0.563339482517513 0.0615279 414
rs35707528 0.0226961379235135 0.0195848572964971 0.247240350530057 0.0565056 414
rs9963780 -0.0148234017276407 0.0111961089784262 0.186306211686505 0.233406 414
rs181587336 0.0164698057617274 0.0210336362828581 0.434101742872453 0.0525618 414
rs7239809 0.0187975513381267 0.0194775348227571 0.335114090588685 0.0566399 414
rs28616015 -0.00195442586584658 0.0173968835169149 0.910610414552143 0.0651312 414
rs28403070 -0.014822661390222 0.0111958649486025 0.186318577866092 0.233388 414
rs150269755 0.010091006364038 0.0180480779857027 0.576410505994669 0.0523721 414
rs7244597 -0.000425491817455183 0.0175266259029127 0.980644496772367 0.0648585 414
rs7245009 -0.0148222440619316 0.0111952122594998 0.186305335264843 0.232741 414
rs9947468 -0.00195081186634729 0.0173967514199866 0.910774339296174 0.0647782 414
rs17062094 0.0101766724532053 0.0180250246684673 0.572688653955197 0.05293 414
rs1790595 0.000923254803999695 0.00931064595066386 0.921062571453561 0.496628 414
rs17203477 -0.00258918474977213 0.0175754270948993 0.882958797517788 0.0760021 414
rs35870049 0.0228133459392988 0.0195772226189671 0.244628355329376 0.0566081 414
rs1623515 0.00304950204145439 0.00928302886256086 0.742712388127433 0.435332 414
rs1790940 -0.000443220637372638 0.00939420829634412 0.962394392460732 0.496993 414
rs1790939 -0.0154461888171253 0.0175255673721276 0.378684597901803 0.0529937 414
rs12605097 0.00897661718929503 0.00993137764283723 0.366640025254654 0.312624 414
rs7505462 0.00440446067713479 0.0131604645868867 0.738055931935963 0.117141 414
rs9952740 0.00424274439618383 0.0131810465839445 0.747718923851343 0.117564 414
rs9963720 -0.00757740670305916 0.0102286184946223 0.459269487992469 0.27661 414
rs2164488 0.00267106357564945 0.0175538641605747 0.879138460521749 0.0652655 414
rs28562572 0.00486981239426605 0.0163045932425516 0.765349517029392 0.0652544 414
rs12971094 0.00336368478966397 0.00926366130937119 0.716728099496819 0.436645 414
rs9947304 -0.00363934203702108 0.00926502234258548 0.694684168553884 0.432927 414
rs117797295 0.00477721561784225 0.0226386957401509 0.832984848223814 0.061849 414
rs117156197 0.00457175383146989 0.0226372998504468 0.840058665496806 0.0618421 414
rs35080210 0.0228794590820578 0.019553261256334 0.24269019080529 0.0565292 414
rs17081619 0.0228806856559603 0.0195528924751404 0.242656112793887 0.0565236 414
rs28552903 -0.0108540505599069 0.00934667883687514 0.24625962480801 0.375981 414
rs17081623 0.00108192814039972 0.0179285342153779 0.951911221181042 0.0648751 414
rs11665113 0.0132502570579506 0.023288687416951 0.569721571818801 0.0612773 414
rs1790956 0.00511910219996697 0.00929272040492769 0.582044937599917 0.433658 414
rs8098468 -0.01531173175488 0.0111883767723209 0.171951898182158 0.233292 414
rs17203725 -0.0126780760178264 0.0140634862211049 0.367899467168547 0.133237 414
rs8085346 -0.0079369946063996 0.0104173522792233 0.446591504293515 0.266319 414
rs12185294 -0.0040310578875026 0.012510880811299 0.747475214865793 0.184678 414
rs17203823 0.0230060776695298 0.0195118918759166 0.239104112243351 0.0563575 414
rs8085426 -0.0176764955950505 0.011420656660864 0.122511213204432 0.21002 414
rs10513975 -0.0173188215123216 0.0114241041847557 0.130353402491382 0.210069 414
rs17081640 -0.0176118407214464 0.0114166955105396 0.123750690385634 0.210059 414
rs60429075 -0.0183833051079183 0.0115895423743006 0.113526226743051 0.209698 414
rs17081642 0.0234921110109393 0.0194759383903095 0.228486191395629 0.0567105 414
rs1620083 0.00229087466608742 0.00924198728988803 0.804363581196227 0.469343 414
rs1790580 0.00442760117668684 0.00929623706254213 0.634149450215852 0.485037 414
rs882113 -0.00195818526831806 0.0173953144648227 0.910431152659749 0.0655216 414
rs17793212 0.00874961643687762 0.0145992537976047 0.549317037609801 0.126045 414
rs1893959 -0.00195750045536633 0.0173968957682326 0.910470448359364 0.0651437 414
rs949272 0.00416287516195456 0.00927700168607882 0.653881735426524 0.486884 414
rs882114 -0.0176385913551562 0.0114141677036409 0.123100188357896 0.210246 414
rs11660253 0.0119427919953396 0.0228580555543056 0.60164321035549 0.0621314 414
rs11876031 0.00103251096615452 0.0179388465351766 0.954131542909704 0.0649679 414
rs2852147 0.00419323154696078 0.00930589128957538 0.652535089475291 0.487033 414
rs11151539 -0.0171200891245229 0.0114764070722263 0.136590746661155 0.210132 414
rs11151540 -0.017070853781691 0.0114804483011331 0.137857235867027 0.210131 414
rs2852146 0.00392053587846155 0.00929697063086809 0.673482192926502 0.487255 414
rs11151541 -0.0171828574212676 0.0114436993454512 0.134053524563139 0.210132 414
rs9962323 -0.0171412356889807 0.011444010584588 0.135006397746688 0.210131 414
rs2575177 0.00370705310502417 0.00929373501223279 0.690208207133732 0.487402 414
rs9948214 -0.0146194854546405 0.0115918730976072 0.208016250920837 0.194103 414
rs9948228 -0.0142753834621433 0.0116167595618362 0.219884350854966 0.194119 414
rs1790586 0.00370816113142329 0.00931256156581244 0.690714370228222 0.48683 414
rs11873984 -0.0168423835625893 0.0114641647352343 0.14262405527916 0.208495 414
rs1790584 0.00286808276134543 0.0094159254572618 0.760838224603395 0.487406 414
rs7238221 -0.0159496983175365 0.01154085727131 0.167777330839736 0.208938 414
rs17793593 0.0115301360595424 0.0136678572951711 0.399426474929456 0.122782 414
rs7243084 -0.00288147612163395 0.0119302655732048 0.809277303103387 0.192325 414
rs12104016 -0.00450119414972753 0.0190746661497005 0.813577177064058 0.0509878 414
rs7243872 -0.0157496104988395 0.0129574642563593 0.224935566545022 0.142947 414
rs11151542 0.00118488158663953 0.00997825206879473 0.905539015503329 0.320287 414
rs2575178 0.00479078500203704 0.0123453718473098 0.698186533496346 0.176671 414
rs11874919 -0.00319860112074607 0.00984075361042467 0.745332551650985 0.326337 414
rs2852143 -0.00539592158368671 0.0126760870286377 0.670584041188288 0.144453 414
rs2575179 -0.00547768139390632 0.0126903340629385 0.66624640617361 0.144427 414
rs1790955 -0.0100245455628061 0.011198445204821 0.37126129181435 0.221735 414
rs1790954 -0.012771445829225 0.0114018741831809 0.263370874971601 0.222144 414
rs12963791 0.0134284968323861 0.0184618028036284 0.467449358179604 0.076931 414
rs34414609 0.00656943761563111 0.0126989768837066 0.605233625814539 0.143716 414
rs3018274 -0.00840320298869981 0.0109308974157711 0.442515145587409 0.221306 414
rs2852142 -0.00772334650216417 0.0128178260630436 0.547169280103576 0.141122 414
rs10513976 -0.00881031270047529 0.014079439717534 0.531849765028151 0.14825 414
rs8092293 -0.00836261814455894 0.0139507345218461 0.54923722155903 0.148485 414
rs7236173 0.000931128768512633 0.0100098960407759 0.925936041006986 0.377171 414
rs7236337 0.000959592455284692 0.00998828342399248 0.923514185744463 0.37711 414
rs10513977 -0.00894964711041831 0.0138840336789626 0.519575408562041 0.140873 414
rs17793893 0.0150228534408822 0.0134345452238393 0.264177036154343 0.133354 414
rs75353041 -0.0106426848049766 0.0190655190498178 0.577025383582029 0.0451918 414
rs77671930 -0.0132664040337162 0.0165859703578509 0.42429338979124 0.0749985 414
rs1023744 -0.00889159901108664 0.0138465141495235 0.521160182362098 0.14114 414
rs1023743 -0.00879793550988096 0.0138523653154215 0.52573139084796 0.141124 414
rs73970276 -0.00841604685359198 0.0141974341741674 0.553676662385914 0.140748 414
rs73970277 -0.0082152152243663 0.0139602104206582 0.556564054035088 0.141161 414
rs2164491 0.0048956852190141 0.00950674484141025 0.606873629192448 0.372095 414
rs2117984 -0.00890775067716652 0.0127030345417008 0.48358859596138 0.157291 414
rs72953819 -0.00865525458512903 0.0138595753894027 0.532676410287769 0.141117 414
rs78508287 0.0144031846270911 0.0133164151096472 0.28011120686239 0.134799 414
rs4438406 0.00989185565648611 0.00947598650038766 0.297201455357391 0.424725 414
rs17799566 0.0122627605223594 0.0132210414078489 0.354246124116363 0.133834 414
rs8086400 0.00158691260364398 0.0108933707850957 0.884253691452702 0.229071 414
rs9947556 0.00226668984768109 0.010075211529896 0.822118176647282 0.278361 414
rs10513978 0.00229822857872338 0.0100757021787198 0.819694201969717 0.278381 414
rs11875162 0.00233257255668493 0.0100756781856928 0.817046902436206 0.278385 414
rs11875246 0.012318600917325 0.0132099261611299 0.351656815825725 0.133873 414
rs17799658 0.00237030464045346 0.0100750203352904 0.814129405987406 0.278415 414
rs62090529 -0.00806212366232942 0.013837124299117 0.560478239050646 0.141036 414
rs28702626 0.00239203588176054 0.0100743314162523 0.812444451084419 0.278672 414
rs9951600 0.00234560745960006 0.0102038675073373 0.818313092410773 0.318825 414
rs62090531 0.00537580389619355 0.0104998580384419 0.60895664972541 0.274398 414
rs141527431 0.00659421821550631 0.0112990775981961 0.559831131124855 NA 414
rs62090532 -0.00794751585755981 0.0138319369453141 0.565917250384853 0.141118 414
rs35159959 0.00373309760703883 0.0101635644064763 0.7135982254805 0.278514 414
rs35124952 0.00343784645383538 0.010056152476873 0.732641480069614 0.278724 414
rs34836160 0.00246703660017884 0.0100721146200463 0.806637190910984 0.278786 414
rs62090536 0.0024749810427184 0.0100716688948045 0.806018547541166 0.278914 414
rs62090537 -0.00801123503202851 0.0138917454041937 0.564490122091573 0.14151 414
rs77139620 0.0123666314495907 0.0132108287738221 0.349817203934229 0.133819 414
rs62090538 -0.00811444962903835 0.0139962145712242 0.562419836961627 0.141376 414
rs72953837 0.00248285681367287 0.0101249246107712 0.806416723770364 0.278586 414
rs10513979 0.00249513841279423 0.0101241433671504 0.805463673011196 0.278231 414
rs62090539 -0.00807517416021279 0.0139617845305959 0.563352272841314 0.141751 414
rs56260621 -0.0116006342427496 0.013891865526947 0.404204857756011 0.141598 414
rs9956173 0.0113764036953928 0.010154882702527 0.26329815107797 0.317264 414
rs9958984 -0.00362284793858559 0.0115397151382748 0.753734291152916 0.221532 414
rs9962408 0.0131688955928029 0.0134581924630144 0.32844762830588 0.132263 414
rs9962570 0.00210806481879716 0.0102000961714276 0.836377442656798 0.277546 414
rs9948190 -0.00401620053525394 0.0115799364727203 0.728915484136906 0.220714 414
rs7233819 -0.0161148862073249 0.0167767879516307 0.33739098402446 0.0702213 414
rs8093296 -0.0162091180697965 0.0167850433586935 0.334814397000758 0.0702946 414
rs8094113 -0.0161850118958505 0.0167866972760382 0.335580371062736 0.0702919 414
rs28773480 0.00204297071894596 0.0102169753756477 0.841620027552228 0.278537 414
rs60079419 -0.0121540748592638 0.0142087268172804 0.392871480309813 0.141149 414
rs62090543 -0.0119424849645792 0.0142090880295742 0.401166623197457 0.13356 414
rs79758786 0.011979002875919 0.0132974700600317 0.368239567493695 0.133752 414
rs10513981 -0.00947405556126947 0.0147810852944071 0.521936295209523 0.129644 414
rs67066405 -0.0177466125142026 0.0143431719060202 0.216744770485619 0.15218 414
rs117404294 -0.0116314553704601 0.0186587196087729 0.533409420244433 0.0535875 414
rs74374673 0.0137978520831963 0.0133933565600477 0.303570817914329 0.135818 414
rs9947980 0.0137874679668598 0.0133943603482785 0.303970555963854 0.134141 414
rs1790974 -0.00426085437684629 0.00955913387816436 0.656041476989345 0.437265 414
rs1790602 0.00193232124380184 0.0163823003188667 0.90616819781032 0.0816957 414
rs9950174 -0.0013619680080929 0.00949756968000053 0.886048921350831 0.461867 414
rs17800362 -0.00331704200445909 0.0164802109521642 0.84059183344263 0.0815434 414
rs948788 -0.00198107663216273 0.00954245672291533 0.835647393647706 0.464833 414
rs2365358 -0.00197034910656659 0.00954363701522131 0.836544651135655 0.464843 414
rs75203923 -0.00313970511841675 0.0096951526346802 0.746235233057092 0.464886 414
rs1790604 -0.00101712092559543 0.00954955943029013 0.915234147048146 0.462765 414
rs1790576 0.00102723673684569 0.00952352474190549 0.914161229443547 0.465179 414
rs1790575 0.00205660056964514 0.00950255552130083 0.828771797370194 0.46744 414
rs1790963 0.00101788389385893 0.00952873570136173 0.914986125702061 0.467577 414
rs1790962 0.00200668938866593 0.00949754539748553 0.832778108831734 0.474382 414
rs188159571 -0.00395003279419825 0.0168603176976487 0.814893897673542 0.0730646 414
rs62092080 0.0161443353574974 0.0149935338528874 0.28227364794037 0.112431 414
rs58948695 0.0163065609327779 0.0149613289724966 0.276441720964581 0.113046 414
rs1790605 0.00291074272585229 0.0167244561062432 0.861925842097335 0.0731823 414
rs34875178 -0.00301962274107466 0.00952246998216378 0.751338088344837 0.47482 414
rs62092084 0.0160563856810308 0.0149529859406861 0.283597628548762 0.112492 414
rs7239671 -0.00120182351939641 0.00964565008418261 0.900908121826835 0.474818 414
rs7241191 0.0018130886689807 0.00960434616688543 0.850367642489617 0.371594 414
rs1610554 0.00261851148754177 0.00954315296621265 0.783936787274407 0.474413 414
rs4891780 -0.00228994103272081 0.00948348070926643 0.809323972455341 0.473316 414
rs4891781 -0.00169415631978311 0.00957698087953118 0.85968213560061 0.40056 414
rs12604328 -0.00603332493601407 0.0107676618617851 0.575592087072063 0.257975 414
rs1790961 0.00155509654207307 0.00960199099240816 0.871426869844988 0.474465 414
rs3018275 0.00279095084375287 0.0095134311914013 0.76939986186533 0.47457 414
rs1808094 0.00278858323830586 0.0095236829499648 0.769830924883518 0.474407 414
rs1615504 0.00279158264711182 0.00951354505334241 0.769351826250593 0.47486 414
rs13381239 -0.00320520487202754 0.00950489049033011 0.736139960180716 0.474193 414
rs4891782 -0.0114029720254916 0.0148720519622297 0.443713191555344 0.103269 414
rs58932682 0.00249804813584896 0.011335551653055 0.825699113363562 0.216537 414
rs1788232 0.00279029083085797 0.00951356846633289 0.769456077166621 0.474935 414
rs7244202 -0.00320481325789037 0.00950494096310732 0.736172341074206 0.474743 414
rs1790947 0.0028792135331974 0.009544675927878 0.763078945737605 0.474755 414
rs34594414 -0.00658196116012802 0.0108258462896734 0.543560060813841 0.257687 414
rs1790946 0.00287924517962926 0.00954467329102715 0.763076356395501 0.475317 414
rs1469857 0.00211310929523698 0.0167828078793875 0.899870417478957 0.0734093 414
rs1469858 -0.00223292102418382 0.00962379355297067 0.816646696737212 0.401268 414
rs727088 0.0049310447284592 0.00958778147532789 0.607337676249913 0.474986 414
rs34794968 -0.00244286538685083 0.00965320078799866 0.800356579593639 0.398549 414
rs763361 0.00310007222719525 0.00956887913913294 0.746135628535315 0.472623 414
rs763362 -0.00243791282331358 0.00965336685027978 0.800756121158028 0.398819 414
rs1790931 0.00309962284308227 0.00956908183021634 0.746176346822015 0.47216 414
rs1788105 0.00310202386369639 0.00956960988276476 0.746000067044069 0.472583 414
rs4891376 -0.00241775006911445 0.00965370770171548 0.802376402681811 0.398914 414
rs1788230 0.00228887342239199 0.0168092249742457 0.891760819855398 0.0734148 414
rs1790932 0.00311441601389914 0.00957214303670532 0.745085832498061 0.474874 414
rs1788229 0.00312397052573 0.00957053219997924 0.74428967329907 0.472392 414
rs72481820 -0.00451774473882886 0.0169812632888199 0.790350447388792 0.07245 414
rs1790588 -0.00419037385394195 0.00944132203381212 0.657415670905053 0.477425 414
rs117895857 -0.0182212419902395 0.0196658952356182 0.354753402502597 0.0456154 414
rs12969657 0.00390063895810624 0.00945750686057231 0.680250708329372 0.477458 414
rs8099412 -0.00337041446152316 0.00950655603442727 0.723134042484708 0.475425 414
rs12956324 -0.00238269895749619 0.00958082961969859 0.803731510253884 0.403019 414
rs17081746 -0.00491947237856914 0.0170060992719848 0.772527213371414 0.0724043 414
rs17207042 0.00235231106432673 0.00946599397791962 0.803880867411589 0.477399 414
rs150336405 -0.00757152141845741 0.0169046557568573 0.654483760519072 0.0724043 414
rs1788103 -0.00419037385394195 0.00944132203381212 0.657415670905053 0.477468 414
rs12455361 -0.00181074123922029 0.00956319736103302 0.849923713691845 0.403125 414
rs1865761 0.00393608597935907 0.00945678194035636 0.677485222804484 0.477597 414
rs77476861 -0.00504627784398339 0.0170161922402201 0.766966450682383 0.0724818 414
rs1788101 0.0129318286922627 0.0145792013810792 0.375637083120925 0.115121 414
rs1788100 -0.0042652167156198 0.00944116707615423 0.651693900631066 0.477774 414
rs1790942 -0.00772330657888393 0.0168814129100787 0.647570601735827 0.0740945 414
rs147737989 -0.0225675629909263 0.0230240427643265 0.327623959064557 0.045387 414
rs7228448 -0.00555452700930299 0.0170250102282022 0.744409600574591 0.0724154 414
rs1788098 -0.00465839265114926 0.0094887767063634 0.623754318687168 0.4774 414
rs1610555 -0.0028879284328769 0.00953759720595123 0.762212441464065 0.402611 414
rs74921269 -0.00586554390058871 0.0170256619733698 0.730651896356693 0.0728902 414
rs1788097 -0.00490646711314504 0.00946118631521132 0.604349226691829 0.477378 414
rs4891784 -0.00689944059722024 0.0170071735169472 0.685207336773419 0.0724486 414
rs4891377 -0.00572683333121081 0.0170379330828607 0.73696398259895 0.0710726 414
rs2469434 -0.00307925037540351 0.00955127506508218 0.747333380828575 0.406254 414
rs77035486 0.0230472748331081 0.0196531508601003 0.241650231756659 0.0659521 414
rs143928103 0.0212024229439343 0.0211754695679754 0.317332065984249 0.0573819 414
rs11661553 0.00711522810771655 0.00969872694278372 0.463629714271499 0.431547 414
rs1788244 -0.00784841824925326 0.00929450271456757 0.398968791274297 0.401028 414
rs78057137 -0.00622117440308773 0.0170105421855172 0.714774059223269 0.0711474 414
rs1788243 0.0102629621486564 0.0147956181314412 0.488326286774688 0.117564 414
rs1790968 0.00193577956296355 0.0220821371801893 0.930190950606363 0.0559201 414
rs4094864 0.00405929192331484 0.00935364032657472 0.664549321882234 0.491795 414
rs77133765 0.0189087446054833 0.0198186733997834 0.340645966906849 0.06097 414
rs1788242 0.0114425353219863 0.0148109147446588 0.440254475876478 0.116716 414
rs11151544 0.00411270933823831 0.00934690716825944 0.660181823407238 0.491805 414
rs1790967 0.0115140504567262 0.0147929383371436 0.43684839791389 0.117613 414
rs117462840 0.0108765468609565 0.0213494814724492 0.61073079626271 0.0554342 414
rs62090796 -0.0107111588505421 0.0099093153010863 0.28041903218917 0.320245 414
rs1790966 -0.00320034341189359 0.00948652058304566 0.736034115348108 0.437743 414
rs1788095 0.0110213975612041 0.0148449683046778 0.458283574322075 0.117487 414
rs114293040 -0.00461859577878597 0.0171439958178015 0.787767959395408 0.0694336 414
rs1550134 0.00466760634743701 0.0171341003920422 0.785449988303624 0.0694654 414
rs1124980 0.00688812577164926 0.00917022086628797 0.453032914987641 0.389847 414
rs1790969 0.00480079048034142 0.0170608233997122 0.778562411459381 0.070584 414
rs7237727 -0.00628375628796469 0.00977270564211448 0.520618093863694 0.320174 414
rs7237611 -0.00724349331879592 0.00971729761587372 0.456477095743179 0.320297 414
rs2051324 -0.0130139636243299 0.0137108986726366 0.343137778646179 0.143221 414
rs2051323 -0.0130524767755553 0.0137080127065565 0.341611643819138 0.143437 414
rs2051322 -0.00848862034360462 0.0148145051139974 0.56698775233657 0.117431 414
rs2156247 -0.00331662327225395 0.0121557338897214 0.785121078895815 0.186775 414
rs1790597 0.0188759479545864 0.020048015115419 0.347027896371325 0.0434448 414
rs1009847 -0.00218752928823752 0.0103260470459555 0.832340943586477 0.277134 414
rs999146 0.0130524767755552 0.0137080127065565 0.341611643819141 0.143687 414
rs1619345 0.0020692969446042 0.0188024548999309 0.912424158685978 0.0698447 414
rs10513983 -0.00331662327225395 0.0121557338897214 0.785121078895815 0.186666 414
rs77580480 0.0155121412503453 0.0146793858282812 0.291306349871463 0.124378 414
rs1619767 0.0056831958680306 0.0148911862697658 0.702935572013036 0.116795 414
rs1790599 0.00848862034360449 0.0148145051139974 0.566987752336575 0.116655 414
rs1788238 0.00172738079841976 0.0095783234696252 0.856979664642257 0.394568 414
rs1007822 -0.000189826276260408 0.00957116780737619 0.984186893583701 0.465542 414
rs17081797 0.0211768848059071 0.0182422018370409 0.246422169800237 0.073275 414
rs1788237 0.00848862034360449 0.0148145051139974 0.566987752336575 0.116968 414
rs1790971 0.00848862034360449 0.0148145051139974 0.566987752336575 0.117347 414
rs12964890 -0.000208120191310231 0.00957169158968311 0.982664133568444 0.463208 414
rs4891378 -0.00475222255796573 0.0171239678020545 0.781532707866453 0.0693256 414
rs17802023 -0.00208691795697396 0.0103398376531929 0.840155473798131 0.275161 414
rs17208063 -0.00474731461561173 0.0171235659415341 0.781747603627287 0.0693159 414
rs17208112 -0.00195072583290858 0.0103518144283909 0.850630074301101 0.274912 414
rs1788236 0.00930913550935236 0.0148452039108236 0.530983149948743 0.118928 414
rs11151545 -0.000214553330559352 0.00957715338422878 0.982138548942914 0.465712 414
rs80021090 -0.00475222255796573 0.0171239678020545 0.781532707866453 0.0693062 414
rs1620963 0.00475222255796565 0.0171239678020545 0.781532707866456 0.0694433 414
rs1627417 0.00475222255796565 0.0171239678020545 0.781532707866456 0.0694073 414
rs12969613 -0.000276997009786584 0.0096330885095581 0.977075288998636 0.463874 414
rs1788235 0.00922644480767906 0.0148659069823427 0.535205546653523 0.119423 414
rs1790945 0.00372484950957526 0.00982494576006594 0.704809292379582 0.344934 414
rs67643815 -0.000415082945140674 0.00961918740198682 0.965603383237459 0.465059 414
rs66504140 -0.000414595105302903 0.00961919067455635 0.965643795562922 0.465056 414
rs12968499 -0.000714037156522025 0.00972172277339545 0.94148858971959 0.467084 414
rs1790930 0.0190823704410581 0.020132049153105 0.343802947779489 0.0438407 414
rs1788115 0.0190952109420121 0.0201378261522973 0.343617019203138 0.0435085 414
rs12606481 0.0192719782462481 0.0186598481398367 0.30235217403668 0.07352 414
rs4891785 -0.0191010701762359 0.0201575875660466 0.343941885412215 0.0433064 414
rs1788114 0.00496497599417371 0.00975441384517116 0.611049120433605 0.424069 414
rs17842596 0.00267372180186506 0.00965257993215202 0.781934126772741 0.392725 414
rs1788113 -0.00327326041704194 0.0139212447452319 0.814236821139082 0.132951 414
rs1788112 -0.0178341559933339 0.0167235292292132 0.286914941397568 0.0855787 414
rs10432241 0.0024521393716852 0.0124831815507201 0.844374363011082 0.19363 414
rs75133490 0.00448837161309521 0.0184836369228825 0.808268527493307 0.0697811 414
rs1788234 -0.00231030947343203 0.00950656832805667 0.808119136464235 0.394774 414
rs12456315 -0.0110329081794808 0.022368634265446 0.622134152068347 0.0586998 414
rs1788245 -0.0119698689821801 0.0176516828283834 0.498111554944507 0.057602 414
rs17209129 0.0209320305192787 0.0161503808662484 0.195737848686043 0.0966904 414
rs11151547 0.00523512811517618 0.00939014175042203 0.577505089754738 0.411348 414
rs1823778 -0.0179926310888776 0.0148270911443324 0.225693571089465 0.132068 414
rs1539964 0.00697925222824635 0.00937819473621149 0.457215445647453 0.411091 414
rs71370382 0.0251766850993125 0.0159679324998921 0.115696004252503 0.0972663 414
