SNP P BETA ILMN SE MAF N
rs7237554 0.990342 0.000145075 ILMN_1687825 0.0119738179604244 0.314496 282
rs17792135 0.942067 -0.00154162 ILMN_1687825 0.0211936127035481 0.109621 282
rs72969282 0.621491 -0.0147473 ILMN_1687825 0.0298342668948337 0.0511083 282
rs12104080 0.685423 -0.00579358 ILMN_1687825 0.0142871056773789 0.171921 282
rs34504556 0.948677 -0.00136751 ILMN_1687825 0.0212253533212432 0.109623 282
rs7239222 0.685361 -0.00579481 ILMN_1687825 0.0142871628837919 0.171897 282
rs7239541 0.685249 -0.00579696 ILMN_1687825 0.014287088613944 0.171866 282
rs11151537 0.998672 -1.99846e-05 ILMN_1687825 0.0119959631037481 0.314691 282
rs10871657 0.992207 -0.000117343 ILMN_1687825 0.012002825860172 0.31387 282
rs11151538 0.971427 -0.000470999 ILMN_1687825 0.0131373783740904 0.200974 282
rs66559245 0.984066 -0.000427755 ILMN_1687825 0.0213982959111821 0.109677 282
rs9960950 0.698745 -0.00555725 ILMN_1687825 0.0143439753549623 0.17164 282
rs11874101 0.89615 0.00198369 ILMN_1687825 0.0151833145953229 0.157695 282
rs12965368 0.846774 -0.00213335 ILMN_1687825 0.0110295169272394 0.472477 282
rs11877302 0.683241 -0.00587608 ILMN_1687825 0.0143850368931739 0.171689 282
rs12456381 0.893661 -0.00246839 ILMN_1687825 0.0184484600756577 0.102985 282
rs35073462 0.957104 0.00116062 ILMN_1687825 0.02155761208241 0.109036 282
rs2364890 0.86193 0.00236615 ILMN_1687825 0.0135920114742573 0.246831 282
rs72951516 0.948538 0.001394 ILMN_1687825 0.0215779870500458 0.109203 282
rs12953478 0.794395 -0.00295167 ILMN_1687825 0.0113149065199046 0.445211 282
rs66731808 0.92767 0.00195946 ILMN_1687825 0.0215653456177043 0.10934 282
rs1790596 0.382566 -0.0100158 ILMN_1687825 0.0114517942107221 0.401448 282
rs7233828 0.718465 0.00410824 ILMN_1687825 0.0113836822462617 0.428461 282
rs118080895 0.735379 -0.00710332 ILMN_1687825 0.0209953689099431 0.0755217 282
rs72951528 0.942377 -0.00195925 ILMN_1687825 0.0270801941601612 0.0523001 282
rs7237952 0.677663 0.00514598 ILMN_1687825 0.0123669933249916 0.23253 282
rs75768848 0.449481 -0.0184 ILMN_1687825 0.024294186790833 0.0615279 282
rs35707528 0.940679 0.00252814 ILMN_1687825 0.0339412374378642 0.0565056 282
rs9963780 0.691134 0.00490215 ILMN_1687825 0.012324921730604 0.233406 282
rs181587336 0.964975 -0.00103254 ILMN_1687825 0.0234923439914071 0.0525618 282
rs7239809 0.941417 0.00249208 ILMN_1687825 0.0338793730242688 0.0566399 282
rs28616015 0.368184 0.0186721 ILMN_1687825 0.0207147701633567 0.0651312 282
rs28403070 0.699937 0.00474608 ILMN_1687825 0.0123014182446381 0.233388 282
rs150269755 0.981951 -0.000609988 ILMN_1687825 0.0269382162032423 0.0523721 282
rs7244597 0.367652 0.0186889 ILMN_1687825 0.0207103583147031 0.0648585 282
rs7245009 0.709088 0.00458325 ILMN_1687825 0.0122719049218248 0.232741 282
rs9947468 0.367697 0.0186873 ILMN_1687825 0.020710533603454 0.0647782 282
rs17062094 0.99948 1.75308e-05 ILMN_1687825 0.026874246630806 0.05293 282
rs1790595 0.980361 0.000267501 ILMN_1687825 0.0108567509222153 0.496628 282
rs17203477 0.679142 -0.00862892 ILMN_1687825 0.0208386190769469 0.0760021 282
rs35870049 0.940208 0.00254295 ILMN_1687825 0.0338706337332688 0.0566081 282
rs1623515 0.780561 -0.00309148 ILMN_1687825 0.0110858910801787 0.435332 282
rs1790940 0.94963 0.00068493 ILMN_1687825 0.0108323278059044 0.496993 282
rs1790939 0.886591 0.00390622 ILMN_1687825 0.0273633109497695 0.0529937 282
rs12605097 0.805198 0.00287577 ILMN_1687825 0.0116490201088336 0.312624 282
rs7505462 0.506976 0.0113814 ILMN_1687825 0.0171293204801967 0.117141 282
rs9952740 0.509076 0.0113291 ILMN_1687825 0.0171352885124328 0.117564 282
rs9963720 0.769788 0.00348289 ILMN_1687825 0.0118891642893597 0.27661 282
rs2164488 0.361867 0.0189265 ILMN_1687825 0.020721792757909 0.0652655 282
rs28562572 0.368825 0.0186527 ILMN_1687825 0.0207210067621782 0.0652544 282
rs12971094 0.761309 -0.00337271 ILMN_1687825 0.011091897788401 0.436645 282
rs9947304 0.748313 0.00356555 ILMN_1687825 0.0111009752237801 0.432927 282
rs117797295 0.467528 -0.0174488 ILMN_1687825 0.0239834144263097 0.061849 282
rs117156197 0.478869 -0.0169909 ILMN_1687825 0.0239609314884792 0.0618421 282
rs35080210 0.937424 0.00265867 ILMN_1687825 0.0338334391907125 0.0565292 282
rs17081619 0.937424 0.00265867 ILMN_1687825 0.0338334391907125 0.0565236 282
rs28552903 0.769542 0.0032678 ILMN_1687825 0.0111426796663036 0.375981 282
rs17081623 0.36832 0.018667 ILMN_1687825 0.0207150026215428 0.0648751 282
rs11665113 0.517187 -0.0158623 ILMN_1687825 0.0244584793921712 0.0612773 282
rs1790956 0.786588 -0.003003 ILMN_1687825 0.011080643548813 0.433658 282
rs8098468 0.612761 0.00622288 ILMN_1687825 0.01228057419792 0.233292 282
rs17203725 0.421872 -0.0126403 ILMN_1687825 0.0157138905810171 0.133237 282
rs8085346 0.307846 0.0129954 ILMN_1687825 0.0127196139885065 0.266319 282
rs12185294 0.706714 0.00531028 ILMN_1687825 0.01409792824459 0.184678 282
rs17203823 0.939073 0.00259274 ILMN_1687825 0.0338892566149079 0.0563575 282
rs8085426 0.308026 0.0132114 ILMN_1687825 0.0129358517287653 0.21002 282
rs10513975 0.305037 0.0132874 ILMN_1687825 0.012929962519754 0.210069 282
rs17081640 0.304425 0.0133026 ILMN_1687825 0.0129283506020638 0.210059 282
rs60429075 0.304012 0.0133132 ILMN_1687825 0.0129275852739991 0.209698 282
rs17081642 0.940233 0.00254443 ILMN_1687825 0.0339045492698952 0.0567105 282
rs1620083 0.711908 -0.00402668 ILMN_1687825 0.0108922317159877 0.469343 282
rs1790580 0.652536 -0.00491465 ILMN_1687825 0.0109034234183217 0.485037 282
rs882113 0.367652 0.0186889 ILMN_1687825 0.0207103583147031 0.0655216 282
rs17793212 0.53268 -0.0111791 ILMN_1687825 0.0178944716345232 0.126045 282
rs1893959 0.367721 0.0186877 ILMN_1687825 0.020712016141927 0.0651437 282
rs949272 0.659982 -0.0047827 ILMN_1687825 0.0108592934441736 0.486884 282
rs882114 0.29386 0.0135713 ILMN_1687825 0.0129036850503093 0.210246 282
rs11660253 0.503094 -0.0159794 ILMN_1687825 0.0238310482231036 0.0621314 282
rs11876031 0.368464 0.0186822 ILMN_1687825 0.0207381143753766 0.0649679 282
rs2852147 0.655777 -0.00484764 ILMN_1687825 0.010863148596273 0.487033 282
rs11151539 0.295654 0.0135486 ILMN_1687825 0.0129301507221553 0.210132 282
rs11151540 0.296157 0.0135384 ILMN_1687825 0.0129339070201305 0.210131 282
rs2852146 0.656552 -0.0048355 ILMN_1687825 0.0108620886157326 0.487255 282
rs11151541 0.296082 0.0135436 ILMN_1687825 0.0129368617225842 0.210132 282
rs9962323 0.296169 0.0135429 ILMN_1687825 0.0129385282022391 0.210131 282
rs2575177 0.660304 -0.00477756 ILMN_1687825 0.0108585987634833 0.487402 282
rs9948214 0.332209 0.0126784 ILMN_1687825 0.0130514199440407 0.194103 282
rs9948228 0.407655 0.0107423 ILMN_1687825 0.0129531164106853 0.194119 282
rs1790586 0.630698 -0.0052731 ILMN_1687825 0.0109561090290653 0.48683 282
rs11873984 0.285193 0.0139039 ILMN_1687825 0.0129839798062951 0.208495 282
rs1790584 0.621442 -0.00541842 ILMN_1687825 0.0109600989688739 0.487406 282
rs7238221 0.279856 0.0140746 ILMN_1687825 0.012998141168971 0.208938 282
rs17793593 0.918718 -0.00216942 ILMN_1687825 0.0212387884444528 0.122782 282
rs7243084 0.308961 0.0141105 ILMN_1687825 0.0138429792418094 0.192325 282
rs12104016 0.548798 0.0174647 ILMN_1687825 0.0290924247550814 0.0509878 282
rs7243872 0.331577 0.0143793 ILMN_1687825 0.0147829939035908 0.142947 282
rs11151542 0.479793 -0.00859934 ILMN_1687825 0.0121525212194552 0.320287 282
rs2575178 0.328112 -0.013683 ILMN_1687825 0.0139665423549441 0.176671 282
rs11874919 0.343816 -0.0112148 ILMN_1687825 0.0118260009322337 0.326337 282
rs2852143 0.280074 -0.0153227 ILMN_1687825 0.014157213635024 0.144453 282
rs2575179 0.276868 -0.015436 ILMN_1687825 0.0141668764463496 0.144427 282
rs1790955 0.554325 -0.00747513 ILMN_1687825 0.0126262396811493 0.221735 282
rs1790954 0.549917 -0.00754988 ILMN_1687825 0.0126117874814992 0.222144 282
rs12963791 0.537055 -0.0143392 ILMN_1687825 0.0232002354636463 0.076931 282
rs34414609 0.264015 0.0160448 ILMN_1687825 0.0143349162674005 0.143716 282
rs3018274 0.548119 -0.00743138 ILMN_1687825 0.0123580619303321 0.221306 282
rs2852142 0.28685 -0.0153569 ILMN_1687825 0.014390352942722 0.141122 282
rs10513976 0.579918 0.00785533 ILMN_1687825 0.0141748266031602 0.14825 282
rs8092293 0.570076 0.00802492 ILMN_1687825 0.0141125839062783 0.148485 282
rs7236173 0.618865 -0.00529527 ILMN_1687825 0.0106323316215855 0.377171 282
rs7236337 0.617132 -0.00531888 ILMN_1687825 0.0106271699170655 0.37711 282
rs10513977 0.297023 0.0154113 ILMN_1687825 0.014749655265638 0.140873 282
rs17793893 0.262512 0.016364 ILMN_1687825 0.0145740379133143 0.133354 282
rs75353041 0.527517 -0.0145293 ILMN_1687825 0.0229668565591653 0.0451918 282
rs77671930 0.107051 -0.0298042 ILMN_1687825 0.0184320521139864 0.0749985 282
rs1023744 0.281544 0.0157303 ILMN_1687825 0.0145783880485453 0.14114 282
rs1023743 0.280298 0.0157706 ILMN_1687825 0.0145778479633062 0.141124 282
rs73970276 0.286591 0.0156824 ILMN_1687825 0.0146874540642138 0.140748 282
rs73970277 0.278995 0.015815 ILMN_1687825 0.0145792436510818 0.141161 282
rs2164491 0.909747 -0.00115979 ILMN_1687825 0.0102216536442298 0.372095 282
rs2117984 0.414236 -0.0117748 ILMN_1687825 0.0143994849232848 0.157291 282
rs72953819 0.275691 0.0159193 ILMN_1687825 0.0145745983330129 0.141117 282
rs78508287 0.301926 0.0149117 ILMN_1687825 0.0144173267459848 0.134799 282
rs4438406 0.718256 -0.00382333 ILMN_1687825 0.0105860035476303 0.424725 282
rs17799566 0.299881 0.0149769 ILMN_1687825 0.0144191113058123 0.133834 282
rs8086400 0.645948 0.00535876 ILMN_1687825 0.0116516538378275 0.229071 282
rs9947556 0.191198 0.0141366 ILMN_1687825 0.0107885844890744 0.278361 282
rs10513978 0.19599 0.0140188 ILMN_1687825 0.0108147379185192 0.278381 282
rs11875162 0.19519 0.0140381 ILMN_1687825 0.0108101984314038 0.278385 282
rs11875246 0.32295 0.0143357 ILMN_1687825 0.0144771930664604 0.133873 282
rs17799658 0.198433 0.0139531 ILMN_1687825 0.0108230944822279 0.278415 282
rs62090529 0.263384 0.0163534 ILMN_1687825 0.0145912904935473 0.141036 282
rs28702626 0.199943 0.0139125 ILMN_1687825 0.0108280429952688 0.278672 282
rs9951600 0.0328586 -0.024569 ILMN_1687825 0.011454969422811 0.318825 282
rs62090531 0.201346 0.0138997 ILMN_1687825 0.0108519471907792 0.274398 282
rs141527431 0.13328 0.0183284 ILMN_1687825 0.0121716324740827 NA 282
rs62090532 0.257315 0.0165473 ILMN_1687825 0.0145770645848271 0.141118 282
rs35159959 0.206631 0.0136528 ILMN_1687825 0.010784837915713 0.278514 282
rs35124952 0.208504 0.0136113 ILMN_1687825 0.0107965900807597 0.278724 282
rs34836160 0.208152 0.0136205 ILMN_1687825 0.0107955066496716 0.278786 282
rs62090536 0.207588 0.0136366 ILMN_1687825 0.0107948285411926 0.278914 282
rs62090537 0.254827 0.0166622 ILMN_1687825 0.0146014935627492 0.14151 282
rs77139620 0.367056 0.0131326 ILMN_1687825 0.0145349489293372 0.133819 282
rs62090538 0.24865 0.0168775 ILMN_1687825 0.014598273325718 0.141376 282
rs72953837 0.212678 0.0135492 ILMN_1687825 0.0108464009513036 0.278586 282
rs10513979 0.213361 0.0135117 ILMN_1687825 0.0108325849838436 0.278231 282
rs62090539 0.244187 0.0170734 ILMN_1687825 0.0146285145222544 0.141751 282
rs56260621 0.243974 0.0170819 ILMN_1687825 0.0146291717896923 0.141598 282
rs9956173 0.960507 0.000558013 ILMN_1687825 0.0112585819015474 0.317264 282
rs9958984 0.209257 0.0152737 ILMN_1687825 0.0121353336268226 0.221532 282
rs9962408 0.520965 0.00961249 ILMN_1687825 0.0149564481907154 0.132263 282
rs9962570 0.34982 0.010336 ILMN_1687825 0.0110360891289776 0.277546 282
rs9948190 0.295306 0.0128547 ILMN_1687825 0.0122590698710899 0.220714 282
rs7233819 0.112814 -0.0294616 ILMN_1687825 0.0185194352702415 0.0702213 282
rs8093296 0.106228 -0.0300202 ILMN_1687825 0.0185218528501778 0.0702946 282
rs8094113 0.106149 -0.0300292 ILMN_1687825 0.0185231984630814 0.0702919 282
rs28773480 0.283037 0.0118663 ILMN_1687825 0.0110315862966141 0.278537 282
rs60079419 0.237559 0.0175337 ILMN_1687825 0.0148121804924951 0.141149 282
rs62090543 0.16196 0.0215424 ILMN_1687825 0.0153616631626582 0.13356 282
rs79758786 0.524085 0.00962254 ILMN_1687825 0.0150849193698388 0.133752 282
rs10513981 0.170336 0.0213963 ILMN_1687825 0.015563308226439 0.129644 282
rs67066405 0.556532 0.00860716 ILMN_1687825 0.0146197801721292 0.15218 282
rs117404294 0.163722 -0.0275099 ILMN_1687825 0.0196996967816102 0.0535875 282
rs74374673 0.512683 0.00996714 ILMN_1687825 0.0152046420048956 0.135818 282
rs9947980 0.51964 0.00981833 ILMN_1687825 0.0152282423724996 0.134141 282
rs1790974 0.362813 0.0098541 ILMN_1687825 0.0108101378376138 0.437265 282
rs1790602 0.535192 0.0114081 ILMN_1687825 0.0183736158377768 0.0816957 282
rs9950174 0.72729 0.00378243 ILMN_1687825 0.010834955562108 0.461867 282
rs17800362 0.559299 -0.0107642 ILMN_1687825 0.0184126565009021 0.0815434 282
rs948788 0.452143 0.00820399 ILMN_1687825 0.0108959664026127 0.464833 282
rs2365358 0.450342 0.00824094 ILMN_1687825 0.0109015270007012 0.464843 282
rs75203923 0.452766 0.0081941 ILMN_1687825 0.0108978554356854 0.464886 282
rs1790604 0.438681 0.00844491 ILMN_1687825 0.0108886333223073 0.462765 282
rs1790576 0.347439 0.0102694 ILMN_1687825 0.0109108583180256 0.465179 282
rs1790575 0.315305 0.0109405 ILMN_1687825 0.0108749945414108 0.46744 282
rs1790963 0.314795 0.0109532 ILMN_1687825 0.0108761289425974 0.467577 282
rs1790962 0.335897 0.010291 ILMN_1687825 0.0106750563174976 0.474382 282
rs188159571 0.991865 0.000200384 ILMN_1687825 0.0196352238058322 0.0730646 282
rs62092080 0.0114328 -0.0476572 ILMN_1687825 0.0187139117271641 0.112431 282
rs58948695 0.0114694 -0.0475121 ILMN_1687825 0.0186653125976167 0.113046 282
rs1790605 0.943831 -0.00138057 ILMN_1687825 0.0195766551755881 0.0731823 282
rs34875178 0.581313 -0.00593063 ILMN_1687825 0.010741279433654 0.47482 282
rs62092084 0.0112898 -0.0472826 ILMN_1687825 0.0185340800936734 0.112492 282
rs7239671 0.5849 -0.00586162 ILMN_1687825 0.010717925373515 0.474818 282
rs7241191 0.41415 -0.00925093 ILMN_1687825 0.0113109401321648 0.371594 282
rs1610554 0.34177 0.0102587 ILMN_1687825 0.0107719565500982 0.474413 282
rs4891780 0.580149 -0.0059438 ILMN_1687825 0.0107320448883219 0.473316 282
rs4891781 0.520267 -0.00695592 ILMN_1687825 0.0108048722595528 0.40056 282
rs12604328 0.447717 0.00975757 ILMN_1687825 0.0128332284922438 0.257975 282
rs1790961 0.34977 0.0100114 ILMN_1687825 0.0106883920232262 0.474465 282
rs3018275 0.563728 0.0061627 ILMN_1687825 0.010661622077727 0.47457 282
rs1808094 0.334943 0.0103482 ILMN_1687825 0.0107131856847343 0.474407 282
rs1615504 0.333457 0.010374 ILMN_1687825 0.0107068719382368 0.47486 282
rs13381239 0.571601 -0.00604458 ILMN_1687825 0.0106721671391763 0.474193 282
rs4891782 0.712109 0.00582774 ILMN_1687825 0.015775650070742 0.103269 282
rs58932682 0.128306 -0.0200004 ILMN_1687825 0.0131107548534408 0.216537 282
rs1788232 0.333525 0.0103713 ILMN_1687825 0.0107055937310195 0.474935 282
rs7244202 0.534068 -0.00657573 ILMN_1687825 0.0105615989588679 0.474743 282
rs1790947 0.329855 0.0104435 ILMN_1687825 0.0106984657358218 0.474755 282
rs34594414 0.487132 0.00888376 ILMN_1687825 0.01276708863714 0.257687 282
rs1790946 0.311673 0.0107444 ILMN_1687825 0.0106000589899089 0.475317 282
rs1469857 0.752035 -0.00613733 ILMN_1687825 0.0194047878197742 0.0734093 282
rs1469858 0.438844 -0.0082468 ILMN_1687825 0.010636986773933 0.401268 282
rs727088 0.592983 0.00560954 ILMN_1687825 0.0104820802005342 0.474986 282
rs34794968 0.482049 -0.00761475 ILMN_1687825 0.0108166414353379 0.398549 282
rs763361 0.384032 0.00926615 ILMN_1687825 0.0106274125491693 0.472623 282
rs763362 0.475194 -0.00773027 ILMN_1687825 0.0108107620819546 0.398819 282
rs1790931 0.544907 0.00642157 ILMN_1687825 0.0105935689876314 0.47216 282
rs1788105 0.373324 0.00948311 ILMN_1687825 0.01063433744858 0.472583 282
rs4891376 0.442669 -0.00829899 ILMN_1687825 0.0107943766275237 0.398914 282
rs1788230 0.699872 -0.00745951 ILMN_1687825 0.0193299858580996 0.0734148 282
rs1790932 0.524939 0.00675485 ILMN_1687825 0.0106111881652715 0.474874 282
rs1788229 0.543003 0.00647124 ILMN_1687825 0.0106251268127635 0.472392 282
rs72481820 0.736972 0.00652796 ILMN_1687825 0.0194161906278122 0.07245 282
rs1790588 0.252386 -0.012255 ILMN_1687825 0.0106841454301032 0.477425 282
rs117895857 0.811166 -0.00491577 ILMN_1687825 0.0205546527590014 0.0456154 282
rs12969657 0.261201 0.0119568 ILMN_1687825 0.0106196232461893 0.477458 282
rs8099412 0.453777 -0.00797608 ILMN_1687825 0.0106316909600162 0.475425 282
rs12956324 0.339183 -0.0102959 ILMN_1687825 0.0107531543640224 0.403019 282
rs17081746 0.712785 0.00714105 ILMN_1687825 0.0193784002831267 0.0724043 282
rs17207042 0.255247 0.0120942 ILMN_1687825 0.0106078380775376 0.477399 282
rs150336405 0.710064 0.00720931 ILMN_1687825 0.0193714178349683 0.0724043 282
rs1788103 0.254099 -0.0120473 ILMN_1687825 0.010541136514948 0.477468 282
rs12455361 0.326578 -0.0105215 ILMN_1687825 0.0107054658228911 0.403125 282
rs1865761 0.251964 0.0121383 ILMN_1687825 0.0105729698430605 0.477597 282
rs77476861 0.696387 0.00754678 ILMN_1687825 0.0193200602292796 0.0724818 282
rs1788101 0.00996348 -0.046739 ILMN_1687825 0.0180080513242767 0.115121 282
rs1788100 0.251231 -0.0121965 ILMN_1687825 0.0106072126177447 0.477774 282
rs1790942 0.705068 0.0073181 ILMN_1687825 0.0193146231799851 0.0740945 282
rs147737989 0.894207 0.0034082 ILMN_1687825 0.0256047430675557 0.045387 282
rs7228448 0.691916 0.00765748 ILMN_1687825 0.019303869928659 0.0724154 282
rs1788098 0.24818 -0.0123641 ILMN_1687825 0.0106837411171309 0.4774 282
rs1610555 0.164294 -0.015049 ILMN_1687825 0.0107911942572207 0.402611 282
rs74921269 0.690422 0.00769483 ILMN_1687825 0.0192993131176611 0.0728902 282
rs1788097 0.250311 -0.0123411 ILMN_1687825 0.0107121012156572 0.477378 282
rs4891784 0.689194 0.00772557 ILMN_1687825 0.0192956426739437 0.0724486 282
rs4891377 0.693204 0.00762087 ILMN_1687825 0.01929660531055 0.0710726 282
rs2469434 0.166777 -0.0150122 ILMN_1687825 0.010828405003714 0.406254 282
rs77035486 0.418309 -0.0179376 ILMN_1687825 0.0221287781729666 0.0659521 282
rs143928103 0.872148 -0.00422007 ILMN_1687825 0.0261980074168296 0.0573819 282
rs11661553 0.542875 0.0069895 ILMN_1687825 0.0114724144669903 0.431547 282
rs1788244 0.354275 -0.0110775 ILMN_1687825 0.0119379200668197 0.401028 282
rs78057137 0.690943 0.0076775 ILMN_1687825 0.0192900894571586 0.0711474 282
rs1788243 0.659947 -0.00746646 ILMN_1687825 0.0169510050509156 0.117564 282
rs1790968 0.777944 0.00727819 ILMN_1687825 0.0257834549539352 0.0559201 282
rs4094864 0.291651 0.01149 ILMN_1687825 0.0108747821609535 0.491795 282
rs77133765 0.998857 -3.37799e-05 ILMN_1687825 0.0235586238313983 0.06097 282
rs1788242 0.857732 0.00313195 ILMN_1687825 0.0174546670470419 0.116716 282
rs11151544 0.29363 0.0114445 ILMN_1687825 0.0108763153691251 0.491805 282
rs1790967 0.662384 -0.00740091 ILMN_1687825 0.0169316209261104 0.117613 282
rs117462840 0.901952 -0.00320435 ILMN_1687825 0.0259857693668153 0.0554342 282
rs62090796 0.256372 -0.014181 ILMN_1687825 0.0124677131366235 0.320245 282
rs1790966 0.198702 -0.0141439 ILMN_1687825 0.0109776902084052 0.437743 282
rs1788095 0.660115 -0.00744094 ILMN_1687825 0.0169019806303283 0.117487 282
rs114293040 0.678978 0.00797388 ILMN_1687825 0.0192462925332466 0.0694336 282
rs1550134 0.677946 -0.008 ILMN_1687825 0.0192437778741246 0.0694654 282
rs1124980 0.224283 0.0141235 ILMN_1687825 0.0115955413821986 0.389847 282
rs1790969 0.676987 -0.00802244 ILMN_1687825 0.0192370281455231 0.070584 282
rs7237727 0.263239 -0.0140617 ILMN_1687825 0.0125427066657403 0.320174 282
rs7237611 0.263831 -0.0140415 ILMN_1687825 0.0125402630240144 0.320297 282
rs2051324 0.478127 -0.0116101 ILMN_1687825 0.0163451921948422 0.143221 282
rs2051323 0.914393 -0.00172 ILMN_1687825 0.0159851472351494 0.143437 282
rs2051322 0.654945 0.00752914 ILMN_1687825 0.0168286549229967 0.117431 282
rs2156247 0.94826 0.000875102 ILMN_1687825 0.0134729835439447 0.186775 282
rs1790597 0.812583 0.00487143 ILMN_1687825 0.0205262253040932 0.0434448 282
rs1009847 0.162204 -0.0189 ILMN_1687825 0.0134852595198843 0.277134 282
rs999146 0.914171 0.00172451 ILMN_1687825 0.015985446012107 0.143687 282
rs1619345 0.132401 0.0430657 ILMN_1687825 0.0285342664817186 0.0698447 282
rs10513983 0.948266 0.000875006 ILMN_1687825 0.0134730701412255 0.186666 282
rs77580480 0.0123849 -0.0482105 ILMN_1687825 0.0191471750445136 0.124378 282
rs1619767 0.915216 0.00186687 ILMN_1687825 0.0175191801109786 0.116795 282
rs1790599 0.944988 0.00121467 ILMN_1687825 0.0175870244658443 0.116655 282
rs1788238 0.258002 -0.0129244 ILMN_1687825 0.011402018211175 0.394568 282
rs1007822 0.212957 0.0138194 ILMN_1687825 0.0110694697704439 0.465542 282
rs17081797 0.83999 -0.0040094 ILMN_1687825 0.0198386007494482 0.073275 282
rs1788237 0.982193 -0.000396966 ILMN_1687825 0.0177690509454057 0.116968 282
rs1790971 0.979426 -0.000458412 ILMN_1687825 0.0177593381508664 0.117347 282
rs12964890 0.205378 0.014066 ILMN_1687825 0.0110804942480728 0.463208 282
rs4891378 0.62827 0.00916898 ILMN_1687825 0.0189161454220851 0.0693256 282
rs17802023 0.163169 -0.0188559 ILMN_1687825 0.0134848269333662 0.275161 282
rs17208063 0.675756 0.00807421 ILMN_1687825 0.0192832244998793 0.0693159 282
rs17208112 0.174128 -0.018388 ILMN_1687825 0.0134942843360637 0.274912 282
rs1788236 0.957028 0.000965497 ILMN_1687825 0.0179016067910299 0.118928 282
rs11151545 0.204567 0.0141774 ILMN_1687825 0.0111482102845729 0.465712 282
rs80021090 0.680498 0.00794969 ILMN_1687825 0.0192846013974905 0.0693062 282
rs1620963 0.673272 -0.00811469 ILMN_1687825 0.0192235722415654 0.0694433 282
rs1627417 0.6768 -0.00802807 ILMN_1687825 0.0192387189476771 0.0694073 282
rs12969613 0.20639 0.0141934 ILMN_1687825 0.0112059076063972 0.463874 282
rs1788235 0.925722 0.00168963 ILMN_1687825 0.01810660786488 0.119423 282
rs1790945 0.162958 0.0174326 ILMN_1687825 0.0124606781280332 0.344934 282
rs67643815 0.229223 0.0136768 ILMN_1687825 0.011349176406277 0.465059 282
rs66504140 0.229385 0.0136751 ILMN_1687825 0.0113517246758009 0.465056 282
rs12968499 0.252642 0.0129905 ILMN_1687825 0.0113314965001641 0.467084 282
rs1790930 0.309521 0.0202807 ILMN_1687825 0.019919285745338 0.0438407 282
rs1788115 0.749818 0.006727 ILMN_1687825 0.0210742412334007 0.0435085 282
rs12606481 0.849464 -0.00392404 ILMN_1687825 0.0206545228215608 0.07352 282
rs4891785 0.728191 -0.00738011 ILMN_1687825 0.0212136857699596 0.0433064 282
rs1788114 0.509938 -0.00764062 ILMN_1687825 0.0115800253887459 0.424069 282
rs17842596 0.486687 0.00822636 ILMN_1687825 0.0118102401384046 0.392725 282
rs1788113 0.827286 -0.00365535 ILMN_1687825 0.0167373002739316 0.132951 282
rs1788112 0.783948 -0.00572222 ILMN_1687825 0.0208497037690519 0.0855787 282
rs10432241 0.918404 0.00141294 ILMN_1687825 0.0137793728394644 0.19363 282
rs75133490 0.20906 0.0356342 ILMN_1687825 0.0282999754345482 0.0697811 282
rs1788234 0.0639239 -0.0210952 ILMN_1687825 0.0113394010792254 0.394774 282
rs12456315 0.740674 -0.00857091 ILMN_1687825 0.0258704492984594 0.0586998 282
rs1788245 0.917281 -0.00180462 ILMN_1687825 0.0173593665701722 0.057602 282
rs17209129 0.62543 0.0105093 ILMN_1687825 0.0215033095873852 0.0966904 282
rs11151547 0.415226 -0.0101025 ILMN_1687825 0.0123806891199215 0.411348 282
rs1823778 0.764532 -0.00477439 ILMN_1687825 0.0159232715531872 0.132068 282
rs1539964 0.57993 -0.00615557 ILMN_1687825 0.0111079868533715 0.411091 282
rs71370382 0.499685 0.0132879 ILMN_1687825 0.0196596729256165 0.0972663 282
