SNP BETA SE MAF N
rs7237554 -0.00245489838856279 0.0111002970537522 0.314496 101
rs17792135 0.00530506276417701 0.0141172255577014 0.109621 101
rs72969282 -0.00184895897451356 0.0206390673403796 0.0511083 101
rs12104080 -0.000103480862514481 0.0116590514359562 0.171921 101
rs34504556 0.00525969139935897 0.0141856063503139 0.109623 101
rs7239222 -0.000102922499720746 0.0116585175082395 0.171897 101
rs7239541 -0.000102284460666027 0.0116579053776251 0.171866 101
rs11151537 -0.00196356190408401 0.0110729743743498 0.314691 101
rs10871657 -0.00205339540123654 0.0110869739620905 0.31387 101
rs11151538 0.00017354649826937 0.0116361601861729 0.200974 101
rs66559245 0.0052938929730399 0.0141140547760438 0.109677 101
rs9960950 -0.00019216819204327 0.0116952456033443 0.17164 101
rs11874101 0.00928402865925368 0.0136532283319663 0.157695 101
rs12965368 -0.00800514393727809 0.0109750803906531 0.472477 101
rs11877302 -0.000208847513177877 0.0117120535595018 0.171689 101
rs12456381 0.000807313136756797 0.0157186216407678 0.102985 101
rs35073462 0.00888753486178949 0.0142032700248356 0.109036 101
rs2364890 -0.00415205110801096 0.0120922279519466 0.246831 101
rs72951516 0.00785519530452895 0.0140891405317592 0.109203 101
rs12953478 -0.00991483092015396 0.0112370155267461 0.445211 101
rs66731808 0.00779171318563796 0.0140770695436203 0.10934 101
rs1790596 -0.0118750045210435 0.0108828162394267 0.401448 101
rs7233828 0.00958492529686576 0.011293350433614 0.428461 101
rs118080895 0.00877395666536845 0.0174347482074889 0.0755217 101
rs72951528 0.00425564144959463 0.0200608748827373 0.0523001 101
rs7237952 0.0146176397574211 0.0114722452146501 0.23253 101
rs75768848 0.0265639151585597 0.0293496203569076 0.0615279 101
rs35707528 0.00730759472692301 0.019152198162686 0.0565056 101
rs9963780 0.0146469963464533 0.0114604964452471 0.233406 101
rs181587336 -0.00768960847837198 0.0206014278312075 0.0525618 101
rs7239809 0.00507573899959325 0.0190649226983771 0.0566399 101
rs28616015 0.000514687220226054 0.0189597528563293 0.0651312 101
rs28403070 0.0146582625190471 0.011461271485164 0.233388 101
rs150269755 0.00424873100075144 0.020058340375737 0.0523721 101
rs7244597 0.000513982667181596 0.0189596620559659 0.0648585 101
rs7245009 0.0146503333751277 0.0114598904391298 0.232741 101
rs9947468 0.000513982667181596 0.0189596620559659 0.0647782 101
rs17062094 0.00421125481150531 0.0200463743436088 0.05293 101
rs1790595 -0.0213252469159085 0.0115377770159328 0.496628 101
rs17203477 0.00882395216360508 0.0174183954087571 0.0760021 101
rs35870049 0.00718710073219601 0.0191195643444766 0.0566081 101
rs1623515 -0.0153864461956083 0.0110573797564283 0.435332 101
rs1790940 -0.0214234215535711 0.0116992321484389 0.496993 101
rs1790939 -0.00294277957995799 0.019969449390229 0.0529937 101
rs12605097 -0.011348945683802 0.0104681197927952 0.312624 101
rs7505462 0.00303203268310598 0.0149715803292675 0.117141 101
rs9952740 0.0032679429890717 0.0149981873119064 0.117564 101
rs9963720 0.0120999601913435 0.0107670236925474 0.27661 101
rs2164488 -0.0013209917055281 0.0192090171683036 0.0652655 101
rs28562572 0.000326603597152779 0.0174534288414303 0.0652544 101
rs12971094 -0.0157356265005465 0.0110442031759657 0.436645 101
rs9947304 0.0157694607001896 0.0110410091800458 0.432927 101
rs117797295 0.00880385074279714 0.0262352358023709 0.061849 101
rs117156197 0.0088267017961517 0.026225842649646 0.0618421 101
rs35080210 0.00683848755418916 0.0190290100868278 0.0565292 101
rs17081619 0.00683323238269178 0.0190275638575965 0.0565236 101
rs28552903 0.0115587628853384 0.0110647695980111 0.375981 101
rs17081623 0.0028709441708402 0.0199376296777114 0.0648751 101
rs11665113 0.0212055498622957 0.0282112257821587 0.0612773 101
rs1790956 -0.0146171795622655 0.0111402651645089 0.433658 101
rs8098468 0.0146500251817709 0.0114600884384233 0.233292 101
rs17203725 0.0134833875749224 0.0146717646036437 0.133237 101
rs8085346 0.017443657924728 0.011559848470391 0.266319 101
rs12185294 0.016152783877432 0.0125897127372743 0.184678 101
rs17203823 0.0130231345726838 0.0190636412741432 0.0563575 101
rs8085426 0.0133108441328764 0.0118711716427076 0.21002 101
rs10513975 0.0133084698946909 0.0118714119774752 0.210069 101
rs17081640 0.0133084698946909 0.0118714119774752 0.210059 101
rs60429075 0.0126554464897694 0.0123380654171741 0.209698 101
rs17081642 0.0137502395570005 0.0190225770807355 0.0567105 101
rs1620083 -0.0151194524768862 0.0114697279000394 0.469343 101
rs1790580 -0.0150198547030203 0.0113490618891377 0.485037 101
rs882113 0.000513982667181596 0.0189596620559659 0.0655216 101
rs17793212 -0.000389472023195668 0.0151244007687611 0.126045 101
rs1893959 0.000515824367067636 0.0189631224856639 0.0651437 101
rs949272 -0.0152084618526753 0.0113291480071128 0.486884 101
rs882114 0.0133084698946909 0.0118714119774752 0.210246 101
rs11660253 0.0146126470338452 0.0260394759915679 0.0621314 101
rs11876031 0.00287784301864232 0.0199510247794465 0.0649679 101
rs2852147 -0.0155277007855538 0.0112894982654437 0.487033 101
rs11151539 0.0133112732155241 0.011873313715265 0.210132 101
rs11151540 0.013311511262587 0.0118738030405726 0.210131 101
rs2852146 -0.0155413742855196 0.0112857981852663 0.487255 101
rs11151541 0.0133103301992871 0.0118740157119443 0.210132 101
rs9962323 0.0133121037531376 0.0118743473103069 0.210131 101
rs2575177 -0.015668203205024 0.0112699090092098 0.487402 101
rs9948214 0.0138217945285613 0.0119935729136196 0.194103 101
rs9948228 0.0135913181195383 0.0119857613125264 0.194119 101
rs1790586 -0.0158066831072561 0.0112870472627346 0.48683 101
rs11873984 0.0134388438655027 0.0118846834490911 0.208495 101
rs1790584 -0.0166387887934062 0.0113801913522831 0.487406 101
rs7238221 0.0140191622740317 0.0119183593109276 0.208938 101
rs17793593 0.00521968175210611 0.01340186484025 0.122782 101
rs7243084 0.0151479640986843 0.0128903664766099 0.192325 101
rs12104016 -0.00287776021273159 0.0200671779638344 0.0509878 101
rs7243872 0.0175065719303592 0.0139688225634722 0.142947 101
rs11151542 -0.0173006521539124 0.0111870447974122 0.320287 101
rs2575178 -0.0216811400292656 0.0138980615850446 0.176671 101
rs11874919 -0.0163236857493623 0.0114105501085199 0.326337 101
rs2852143 -0.0168935312705116 0.0144644682940363 0.144453 101
rs2575179 -0.0172329636662445 0.0144535303697309 0.144427 101
rs1790955 -0.0277063636267509 0.0129931681326763 0.221735 101
rs1790954 -0.0280938820347652 0.0129673033848453 0.222144 101
rs12963791 0.0407764329538665 0.0207331764948383 0.076931 101
rs34414609 0.022189248711784 0.0138571880164291 0.143716 101
rs3018274 -0.033326202606448 0.0118550414671742 0.221306 101
rs2852142 -0.0223877135506261 0.0139689159645571 0.141122 101
rs10513976 -0.0165269646859315 0.0129891557897078 0.14825 101
rs8092293 -0.0161477268423509 0.0129335578593177 0.148485 101
rs7236173 0.0097256820194526 0.0112548308171819 0.377171 101
rs7236337 0.00963772839844766 0.0112289542326916 0.37711 101
rs10513977 -0.0175050443312744 0.0126527356184945 0.140873 101
rs17793893 0.00573896183972354 0.0167481496869005 0.133354 101
rs75353041 0.0055883984927382 0.0294072933926076 0.0451918 101
rs77671930 0.0225306689635642 0.0233296637974501 0.0749985 101
rs1023744 -0.0173088012978153 0.0126224779459223 0.14114 101
rs1023743 -0.0174096966121451 0.0126303587286233 0.141124 101
rs73970276 -0.0176283302354828 0.01265243455119 0.140748 101
rs73970277 -0.0175033355371029 0.0126379352549003 0.141161 101
rs2164491 0.00905469072534191 0.0107274072177443 0.372095 101
rs2117984 0.000735192638863455 0.0159662197978148 0.157291 101
rs72953819 -0.0178273788063105 0.012659185952302 0.141117 101
rs78508287 0.00971386875207031 0.0161742413204898 0.134799 101
rs4438406 0.0037797015396516 0.0112003578574131 0.424725 101
rs17799566 0.00971700500770387 0.0161731750314236 0.133834 101
rs8086400 -0.0051997935689977 0.013393589778193 0.229071 101
rs9947556 -0.00778707409760801 0.010182154180943 0.278361 101
rs10513978 -0.00786114898083284 0.0101824506241652 0.278381 101
rs11875162 -0.00793269374172319 0.0101818077206095 0.278385 101
rs11875246 0.00961469596502317 0.0161789567902597 0.133873 101
rs17799658 -0.00800977322653773 0.0101801062314193 0.278415 101
rs62090529 -0.0186889034242138 0.0126622956773326 0.141036 101
rs28702626 -0.00805321261348149 0.0101784616858079 0.278672 101
rs9951600 0.00237788089434595 0.0108250338396077 0.318825 101
rs62090531 -0.0072184338850064 0.0104202097957701 0.274398 101
rs141527431 -0.000774796352730442 0.0110976115617269 NA 101
rs62090532 -0.018791388138457 0.0126542984142584 0.141118 101
rs35159959 -0.00838654733917788 0.0101959895390024 0.278514 101
rs35124952 -0.00815993872743008 0.0101716491400126 0.278724 101
rs34836160 -0.00815997004669374 0.0101716874323157 0.278786 101
rs62090536 -0.00816682974768507 0.0101715394719662 0.278914 101
rs62090537 -0.0188753717906598 0.0126449493442761 0.14151 101
rs77139620 0.00948686402762374 0.016185090771219 0.133819 101
rs62090538 -0.0189851767771199 0.012629524894816 0.141376 101
rs72953837 -0.00830245234513874 0.0101591607692038 0.278586 101
rs10513979 -0.00832354943955814 0.010156554351784 0.278231 101
rs62090539 -0.0190113571494001 0.0126399395762178 0.141751 101
rs56260621 -0.0173222617492584 0.0126046672443318 0.141598 101
rs9956173 0.0110036390395041 0.0112782332385306 0.317264 101
rs9958984 -0.00941022410118008 0.0109799170319364 0.221532 101
rs9962408 0.00579872049276432 0.0179985617917721 0.132263 101
rs9962570 -0.00888292212076977 0.0102779861836258 0.277546 101
rs9948190 -0.0101004633894398 0.0110189939920547 0.220714 101
rs7233819 0.0119541701221021 0.0254705283185102 0.0702213 101
rs8093296 0.0119927216729814 0.0255164503520748 0.0702946 101
rs8094113 0.0119927216729814 0.0255164503520748 0.0702919 101
rs28773480 -0.00890714803571695 0.0102996500021651 0.278537 101
rs60079419 -0.0190964677030647 0.012708959331564 0.141149 101
rs62090543 -0.0206419693703108 0.0128794177581215 0.13356 101
rs79758786 0.00837495090426138 0.0164450381984664 0.133752 101
rs10513981 -0.0205382743276247 0.013034237098873 0.129644 101
rs67066405 -0.0179460469412391 0.0134342877772046 0.15218 101
rs117404294 -0.00236395709825684 0.033443122302197 0.0535875 101
rs74374673 0.00392285942259674 0.0180678174432048 0.135818 101
rs9947980 0.00389795435168661 0.0180683481595392 0.134141 101
rs1790974 -0.00258719610405633 0.0111063771940422 0.437265 101
rs1790602 0.0111399850532192 0.020869661179125 0.0816957 101
rs9950174 -0.007839077988786 0.0117079921220131 0.461867 101
rs17800362 -0.00748084284325753 0.022483600810947 0.0815434 101
rs948788 -0.00625972112086302 0.0116694111750658 0.464833 101
rs2365358 -0.0062595753405231 0.0116736202216972 0.464843 101
rs75203923 -0.00610119031103694 0.0119607285618116 0.464886 101
rs1790604 -0.00527639818068679 0.0116985175323688 0.462765 101
rs1790576 -0.0057488635747094 0.0117669743839715 0.465179 101
rs1790575 -0.00689144854767394 0.0118798826621634 0.46744 101
rs1790963 -0.00573485251482871 0.0117752254654563 0.467577 101
rs1790962 -0.00677463841894037 0.0117026589718386 0.474382 101
rs188159571 -0.0159331051788158 0.0222778231377483 0.0730646 101
rs62092080 0.0204623471501046 0.0145471628093815 0.112431 101
rs58948695 0.0204520521801987 0.0145384030532264 0.113046 101
rs1790605 0.0182903201158458 0.02075392839426 0.0731823 101
rs34875178 0.00465817655258101 0.0120500406880865 0.47482 101
rs62092084 0.0203908000467758 0.0145104395918151 0.112492 101
rs7239671 0.00439921132426463 0.0122872254509884 0.474818 101
rs7241191 0.00969778274524746 0.0113981073881111 0.371594 101
rs1610554 -0.00258028201972554 0.0122579067851092 0.474413 101
rs4891780 0.00551481083132889 0.0118378754844459 0.473316 101
rs4891781 0.00891404531673011 0.0117078092185328 0.40056 101
rs12604328 -0.00402966942080831 0.0139794280448942 0.257975 101
rs1790961 -0.000811140736207449 0.0123677250020327 0.474465 101
rs3018275 -0.00321593155572748 0.0121327615649895 0.47457 101
rs1808094 -0.00342832644034177 0.0121500430210959 0.474407 101
rs1615504 -0.00321268129663912 0.0121331680508449 0.47486 101
rs13381239 0.00462446929641173 0.0120571935014679 0.474193 101
rs4891782 -0.0137362283606292 0.0182854047806674 0.103269 101
rs58932682 0.00933508673040766 0.0133067708702862 0.216537 101
rs1788232 -0.00321593155572748 0.0121327615649895 0.474935 101
rs7244202 0.00462446929641173 0.0120571935014679 0.474743 101
rs1790947 -0.00321593155572748 0.0121327615649895 0.474755 101
rs34594414 -0.00402966942080831 0.0139794280448942 0.257687 101
rs1790946 -0.00321593155572748 0.0121327615649895 0.475317 101
rs1469857 0.018575379306378 0.0207312741591971 0.0734093 101
rs1469858 0.00891870230245866 0.0117054760119668 0.401268 101
rs727088 0.000667860082602789 0.0123070069640996 0.474986 101
rs34794968 0.00548518706329047 0.0119540531862033 0.398549 101
rs763361 0.000667860082602789 0.0123070069640996 0.472623 101
rs763362 0.00548413091597527 0.0119541154175241 0.398819 101
rs1790931 0.000659059839573418 0.0123065731941759 0.47216 101
rs1788105 0.000617217334262635 0.0123038754156766 0.472583 101
rs4891376 0.00551821559679231 0.0119494262146885 0.398914 101
rs1788230 0.0185208128815676 0.0208245024604163 0.0734148 101
rs1790932 0.000298004615931808 0.0122790722757407 0.474874 101
rs1788229 -9.36690329947016e-05 0.0122306597223615 0.472392 101
rs72481820 -0.0142270069881376 0.022720845365715 0.07245 101
rs1790588 0.00221220413735891 0.0118208438548141 0.477425 101
rs117895857 -0.035412129905157 0.0405896273105792 0.0456154 101
rs12969657 -0.00122097550578603 0.0119365226826753 0.477458 101
rs8099412 0.0017924531164839 0.0119655093546556 0.475425 101
rs12956324 0.0040279644321936 0.0118709227914809 0.403019 101
rs17081746 -0.0138470022701039 0.0227575900484193 0.0724043 101
rs17207042 -0.00243365328778278 0.0119975193563937 0.477399 101
rs150336405 -0.0107209039756162 0.0226963569101718 0.0724043 101
rs1788103 0.00221220413735891 0.0118208438548141 0.477468 101
rs12455361 0.0056582376622605 0.0118798550773707 0.403125 101
rs1865761 -0.00128011862089001 0.0119340359932514 0.477597 101
rs77476861 -0.0137681168512982 0.0227648071255587 0.0724818 101
rs1788101 0.0159166137553432 0.0145830562338265 0.115121 101
rs1788100 0.00219255539341258 0.0118215213415895 0.477774 101
rs1790942 -0.0118335205107889 0.0225627336287459 0.0740945 101
rs147737989 -0.0235987269187981 0.0294744857499588 0.045387 101
rs7228448 -0.0136222953621924 0.0227764490367202 0.0724154 101
rs1788098 0.00221477261124709 0.011832267437426 0.4774 101
rs1610555 0.00579065914834041 0.0117424244108045 0.402611 101
rs74921269 -0.0135388991011487 0.0227816723458812 0.0728902 101
rs1788097 0.00215503728122869 0.0118341455911426 0.477378 101
rs4891784 -0.0132422606968269 0.0227938973046483 0.0724486 101
rs4891377 -0.0131185536653178 0.022783972602788 0.0710726 101
rs2469434 0.00557520206609499 0.0117653210050931 0.406254 101
rs77035486 0.0259265170711652 0.0232893596590157 0.0659521 101
rs143928103 0.0197849075426353 0.0253455768696019 0.0573819 101
rs11661553 0.00178120643224138 0.011325065444362 0.431547 101
rs1788244 -0.00217407705041981 0.0103884996394392 0.401028 101
rs78057137 -0.0127820964405025 0.0227939732068484 0.0711474 101
rs1788243 0.0136974182237019 0.0155887905680455 0.117564 101
rs1790968 0.00193038448681081 0.0221537785226975 0.0559201 101
rs4094864 -0.004931608803919 0.0111004768507469 0.491795 101
rs77133765 0.0227220971518976 0.0243730134265935 0.06097 101
rs1788242 0.0105233553570725 0.0159126632344411 0.116716 101
rs11151544 -0.00495474196273421 0.0110953528942756 0.491805 101
rs1790967 0.0106027886356283 0.0159104810926606 0.117613 101
rs117462840 0.0151331955896754 0.0265686256185504 0.0554342 101
rs62090796 0.0015136393622436 0.0110313100132359 0.320245 101
rs1790966 0.00733464201104606 0.0115417273930273 0.437743 101
rs1788095 0.00767072867253028 0.0155579960099194 0.117487 101
rs114293040 -0.0123496099453504 0.022785878317267 0.0694336 101
rs1550134 0.0123274439761521 0.0227814375946229 0.0694654 101
rs1124980 5.0741363637242e-05 0.0105009093897914 0.389847 101
rs1790969 0.00698930847474369 0.0214128190120836 0.070584 101
rs7237727 0.00175662181284602 0.0110465412427926 0.320174 101
rs7237611 0.00176338675915035 0.0110457777759019 0.320297 101
rs2051324 -0.00677000357900794 0.0131138753548377 0.143221 101
rs2051323 -0.00677000357900794 0.0131138753548377 0.143437 101
rs2051322 -0.0105721506768908 0.0159034720905583 0.117431 101
rs2156247 -0.00305866266716338 0.0130455339647128 0.186775 101
rs1790597 0.0354121299051572 0.0405896273105792 0.0434448 101
rs1009847 0.00375811017702063 0.0111134044512966 0.277134 101
rs999146 0.00677000357900793 0.0131138753548377 0.143687 101
rs1619345 0.000274053337355443 0.0162500887436359 0.0698447 101
rs10513983 -0.00305866266716338 0.0130455339647128 0.186666 101
rs77580480 0.0147967402380398 0.0146799255733101 0.124378 101
rs1619767 0.0105721506768908 0.0159034720905583 0.116795 101
rs1790599 0.0105721506768908 0.0159034720905583 0.116655 101
rs1788238 0.0102184546447137 0.0116300818759426 0.394568 101
rs1007822 -0.00746238570405098 0.0111581514401694 0.465542 101
rs17081797 0.0229394657861458 0.0243555171054518 0.073275 101
rs1788237 0.0105721506768908 0.0159034720905583 0.116968 101
rs1790971 0.0105721506768908 0.0159034720905583 0.117347 101
rs12964890 -0.00758169775802073 0.0111639317509936 0.463208 101
rs4891378 -0.0122865109132706 0.0227827555679495 0.0693256 101
rs17802023 0.0045197492896639 0.0111531311914302 0.275161 101
rs17208063 -0.0122815669321421 0.0227830491767934 0.0693159 101
rs17208112 0.00587435380610714 0.0112081108189322 0.274912 101
rs1788236 0.0100301881568729 0.0159349242456494 0.118928 101
rs11151545 -0.00757989309689205 0.0111772924422353 0.465712 101
rs80021090 -0.0122865109132706 0.0227827555679495 0.0693062 101
rs1620963 0.0122865109132707 0.0227827555679495 0.0694433 101
rs1627417 0.0122865109132707 0.0227827555679495 0.0694073 101
rs12969613 -0.00751567568257117 0.0111890432809757 0.463874 101
rs1788235 0.00997847991813563 0.0159660024078386 0.119423 101
rs1790945 -0.00141250898699277 0.0109973391025937 0.344934 101
rs67643815 -0.00666687176184635 0.011481226171203 0.465059 101
rs66504140 -0.00666721688955226 0.0114817014243961 0.465056 101
rs12968499 -0.00805029639680546 0.0116119308123233 0.467084 101
rs1790930 0.0357266339124646 0.0405715568149567 0.0438407 101
rs1788115 0.0354677677243374 0.0405882715356193 0.0435085 101
rs12606481 0.0221697107654187 0.0254224366357026 0.07352 101
rs4891785 -0.0354677677243374 0.0405882715356194 0.0433064 101
rs1788114 0.00949900554015575 0.0111582333941795 0.424069 101
rs17842596 -0.0109031554733931 0.0119230081436869 0.392725 101
rs1788113 -0.0038444835606003 0.0151497760978734 0.132951 101
rs1788112 -0.0038306604798184 0.0157609621504023 0.0855787 101
rs10432241 -0.00392824504065621 0.0143296002183334 0.19363 101
rs75133490 0.000326240659470338 0.01629720253822 0.0697811 101
rs1788234 0.00328405403826265 0.0101757667529647 0.394774 101
rs12456315 0.0017978939709907 0.0270110537660021 0.0586998 101
rs1788245 -0.0384327478462922 0.0203863050790553 0.057602 101
rs17209129 0.0101984180887385 0.0225634557969186 0.0966904 101
rs11151547 0.0158597722353289 0.00895403851660653 0.411348 101
rs1823778 0.000677727219435361 0.0179876890141159 0.132068 101
rs1539964 0.0158597722353289 0.00895403851660653 0.411091 101
rs71370382 0.0145985136954003 0.0211029097633716 0.0972663 101
