SNP BETA SE MAF N
rs7237554 -0.0178969633095827 0.0184633388356347 0.314496 245
rs17792135 -0.0140188202792421 0.0267854863215353 0.109621 245
rs72969282 -0.000639268939576831 0.0377395573885466 0.0511083 245
rs12104080 -0.0276644577845283 0.0224500775707951 0.171921 245
rs34504556 -0.0143893698963498 0.0269329759458877 0.109623 245
rs7239222 -0.0276644577845283 0.0224500775707951 0.171897 245
rs7239541 -0.0276644577845283 0.0224500775707951 0.171866 245
rs11151537 -0.0188227947899438 0.0183986776329395 0.314691 245
rs10871657 -0.0188185059482347 0.0184208782518629 0.31387 245
rs11151538 -0.0297640543026257 0.0208115720504686 0.200974 245
rs66559245 -0.0140256363907025 0.0267904988427278 0.109677 245
rs9960950 -0.0270003207038512 0.0225906454781869 0.17164 245
rs11874101 -0.0476495545397034 0.0260070882160906 0.157695 245
rs12965368 0.00515073843454222 0.0187475510930433 0.472477 245
rs11877302 -0.0280226589655886 0.0223260032009505 0.171689 245
rs12456381 -0.0705728295539751 0.028679794462724 0.102985 245
rs35073462 -0.0184530672459259 0.0268498790834604 0.109036 245
rs2364890 -0.0323999523104089 0.0212616172245957 0.246831 245
rs72951516 -0.0164066217991752 0.0266526944171774 0.109203 245
rs12953478 0.0143461473688522 0.0194647401411883 0.445211 245
rs66731808 -0.0162564951710173 0.0266326503031708 0.10934 245
rs1790596 0.0383362473205277 0.0194019808698826 0.401448 245
rs7233828 -0.015911973003586 0.0196936528884099 0.428461 245
rs118080895 -0.0681524236150576 0.0337299094516277 0.0755217 245
rs72951528 -0.00394001549194967 0.0361028696457876 0.0523001 245
rs7237952 -0.0677230979520366 0.0211069440357753 0.23253 245
rs75768848 -0.0640664280466015 0.0466493758473104 0.0615279 245
rs35707528 -0.0251084773464309 0.0357210919646094 0.0565056 245
rs9963780 -0.0676915348642585 0.0210980585938819 0.233406 245
rs181587336 -0.0436673987574612 0.0407582082447982 0.0525618 245
rs7239809 -0.0283234376450557 0.0354349299714305 0.0566399 245
rs28616015 0.041633750221218 0.0346008153555322 0.0651312 245
rs28403070 -0.0676889072548593 0.021097618892802 0.233388 245
rs150269755 -0.00392179780460676 0.0361296110566025 0.0523721 245
rs7244597 0.0416290899841642 0.0346002687907575 0.0648585 245
rs7245009 -0.0676831586078299 0.0210973079800529 0.232741 245
rs9947468 0.0416290899841642 0.0346002687907575 0.0647782 245
rs17062094 -0.0036462984334687 0.036077826763275 0.05293 245
rs1790595 0.0406311776030241 0.019308242302808 0.496628 245
rs17203477 -0.0678974305816708 0.0337163384302424 0.0760021 245
rs35870049 -0.0252180338861409 0.0356979409251172 0.0566081 245
rs1623515 0.0301847903680578 0.0195760434156622 0.435332 245
rs1790940 0.0392151129116666 0.019428681187444 0.496993 245
rs1790939 -0.00521342642468962 0.0362651071160411 0.0529937 245
rs12605097 0.0335537824249297 0.0189773248843908 0.312624 245
rs7505462 0.0208907906412771 0.0259402758447179 0.117141 245
rs9952740 0.0208537694571433 0.0259633676415563 0.117564 245
rs9963720 -0.0527672713022478 0.0197245574881737 0.27661 245
rs2164488 0.0407163847592149 0.0349909841189383 0.0652655 245
rs28562572 0.00974688370741568 0.0318108967620308 0.0652544 245
rs12971094 0.0302283198962775 0.0195426078303012 0.436645 245
rs9947304 -0.0302617168780526 0.01954426580559 0.432927 245
rs117797295 -0.072404003999905 0.0451279246901578 0.061849 245
rs117156197 -0.0724610553010646 0.0451229173784657 0.0618421 245
rs35080210 -0.0253728060909753 0.0356189975087183 0.0565292 245
rs17081619 -0.0253748352653875 0.0356178152059341 0.0565236 245
rs28552903 -0.0224371879214802 0.0187470983283694 0.375981 245
rs17081623 0.0488266002936566 0.0360171220630986 0.0648751 245
rs11665113 -0.0647949939233538 0.0464695869307588 0.0612773 245
rs1790956 0.0322402759921027 0.0195381883960956 0.433658 245
rs8098468 -0.0676543215398471 0.0210969242113274 0.233292 245
rs17203725 -0.0335922171649812 0.0280829468201138 0.133237 245
rs8085346 -0.0702216781993656 0.020302900503459 0.266319 245
rs12185294 -0.0737373562861645 0.0239070519133182 0.184678 245
rs17203823 -0.0206110214044623 0.0355702841109639 0.0563575 245
rs8085426 -0.070479345759075 0.0216052028539757 0.21002 245
rs10513975 -0.0709362380589749 0.021619546115329 0.210069 245
rs17081640 -0.0708995650353474 0.0216051088167283 0.210059 245
rs60429075 -0.0698132821556745 0.021683078012427 0.209698 245
rs17081642 -0.0200535785071299 0.0355290925538113 0.0567105 245
rs1620083 0.0340991431667114 0.0184509136840834 0.469343 245
rs1790580 0.0441559841241272 0.0189992922387488 0.485037 245
rs882113 0.0416290899841642 0.0346002687907575 0.0655216 245
rs17793212 -0.0397585689285443 0.0282209432311054 0.126045 245
rs1893959 0.0416565101607442 0.0346060218556037 0.0651437 245
rs949272 0.0439358154453779 0.0189158802188522 0.486884 245
rs882114 -0.0708970926738698 0.0216046198787064 0.210246 245
rs11660253 -0.0647472259507007 0.0462704951194923 0.0621314 245
rs11876031 0.0489578308050092 0.0360538254255554 0.0649679 245
rs2852147 0.0436820691838618 0.0189545281691639 0.487033 245
rs11151539 -0.0713713224779652 0.0216838450985012 0.210132 245
rs11151540 -0.0710347544076693 0.0216842119534498 0.210131 245
rs2852146 0.0435971676793823 0.018896824101121 0.487255 245
rs11151541 -0.0709268473017039 0.0216153837005804 0.210132 245
rs9962323 -0.070928846920829 0.0216165349061162 0.210131 245
rs2575177 0.0434043083870072 0.0188662558216344 0.487402 245
rs9948214 -0.0613222331649643 0.0219219596161681 0.194103 245
rs9948228 -0.0620399313870558 0.0219783335664668 0.194119 245
rs1790586 0.043901541447346 0.018920486612179 0.48683 245
rs11873984 -0.0714161235744129 0.0216463893263406 0.208495 245
rs1790584 0.0458751438580117 0.0190895175477597 0.487406 245
rs7238221 -0.0737734668827662 0.0217494804500537 0.208938 245
rs17793593 -0.0219419020734597 0.0254789858259972 0.122782 245
rs7243084 -0.066054891060786 0.0231730714911414 0.192325 245
rs12104016 0.0272241844769267 0.0385659794486706 0.0509878 245
rs7243872 -0.0667077388993494 0.0247641263608548 0.142947 245
rs11151542 0.0454404986898128 0.0202584508873637 0.320287 245
rs2575178 0.0803358457798214 0.0239085946389109 0.176671 245
rs11874919 0.0504080079126643 0.0196353378838606 0.326337 245
rs2852143 0.0733736656584573 0.0247972409710393 0.144453 245
rs2575179 0.073593775092666 0.0248154338642552 0.144427 245
rs1790955 0.0723792554329662 0.0219119908758282 0.221735 245
rs1790954 0.0725046740034113 0.0219144025371756 0.222144 245
rs12963791 -0.0329400134119401 0.0337389478304198 0.076931 245
rs34414609 -0.075133277485169 0.0247371229311417 0.143716 245
rs3018274 0.0709664538329726 0.0214003574854239 0.221306 245
rs2852142 0.0768896259713778 0.0248564245078918 0.141122 245
rs10513976 -0.0555294995641762 0.026174731436161 0.14825 245
rs8092293 -0.0547982658196151 0.0259725820576437 0.148485 245
rs7236173 0.00609489915647724 0.0199483585470316 0.377171 245
rs7236337 0.00596988743545558 0.019903535213755 0.37711 245
rs10513977 -0.0620207073080746 0.0255926976127018 0.140873 245
rs17793893 0.0672385206776307 0.0255081852508744 0.133354 245
rs75353041 -0.0639047115164678 0.0424861024874309 0.0451918 245
rs77671930 -0.0122010497556118 0.0372014860985444 0.0749985 245
rs1023744 -0.0617579169976951 0.0255190192887465 0.14114 245
rs1023743 -0.0618724681061088 0.0255277914987389 0.141124 245
rs73970276 -0.068445378171179 0.0263179002232873 0.140748 245
rs73970277 -0.0627526788086309 0.025713534699881 0.141161 245
rs2164491 0.0088451534071014 0.0190336487991671 0.372095 245
rs2117984 -0.0492361759274668 0.0242253972291064 0.157291 245
rs72953819 -0.0623884488281252 0.0255580401232804 0.141117 245
rs78508287 0.0624887098582061 0.0252867283226655 0.134799 245
rs4438406 0.0179273614676972 0.0187839420322102 0.424725 245
rs17799566 0.063155733776562 0.0249132832422633 0.133834 245
rs8086400 -0.0308684829410433 0.0220904499786374 0.229071 245
rs9947556 0.00192766398406263 0.0195978114191838 0.278361 245
rs10513978 0.00187171713510214 0.0196000573896192 0.278381 245
rs11875162 0.00182235460533375 0.0196014632873154 0.278385 245
rs11875246 0.0631301762647876 0.0248773614678221 0.133873 245
rs17799658 0.00176334159736761 0.0196017520119904 0.278415 245
rs62090529 -0.0633952910534942 0.0255750809667912 0.141036 245
rs28702626 0.00172937700641094 0.0196016061885613 0.278672 245
rs9951600 0.00772776750657417 0.0198394533755399 0.318825 245
rs62090531 0.00161866997313288 0.0203315006588219 0.274398 245
rs141527431 0.00753547279581948 0.0216808213807947 NA 245
rs62090532 -0.0636373877503335 0.0255811947998512 0.141118 245
rs35159959 0.000657976076732729 0.019669961169948 0.278514 245
rs35124952 0.00146484716608438 0.0195995438788344 0.278724 245
rs34836160 0.00164578267556129 0.019597386523822 0.278786 245
rs62090536 0.00163761678495132 0.0195975849965977 0.278914 245
rs62090537 -0.0647173949588717 0.0257650042398346 0.14151 245
rs77139620 0.0630671505184958 0.0248778409475745 0.133819 245
rs62090538 -0.0667544310818791 0.0260806482220539 0.141376 245
rs72953837 0.00139642496859927 0.0197635691343981 0.278586 245
rs10513979 0.00137310936003567 0.0197624679035747 0.278231 245
rs62090539 -0.0663534445981935 0.0259775590275294 0.141751 245
rs56260621 -0.0696410527607061 0.0258344346417503 0.141598 245
rs9956173 0.0273565665509034 0.0198578836353389 0.317264 245
rs9958984 -0.0218870168804308 0.0219454824492073 0.221532 245
rs9962408 0.0649308030727592 0.0255144376847555 0.132263 245
rs9962570 -0.00101318514114024 0.0198559185881041 0.277546 245
rs9948190 -0.0227636812241314 0.0220279422921904 0.220714 245
rs7233819 -0.017694055647146 0.0381088135702585 0.0702213 245
rs8093296 -0.0178451916677238 0.0381353686376974 0.0702946 245
rs8094113 -0.0178451916677238 0.0381353686376974 0.0702919 245
rs28773480 -0.00101871649568971 0.0198710075694958 0.278537 245
rs60079419 -0.0695304511065803 0.0262599323374627 0.141149 245
rs62090543 -0.0644578846288126 0.0263541596991124 0.13356 245
rs79758786 0.060586565023625 0.0250288537370049 0.133752 245
rs10513981 -0.0771273688962613 0.0275987075065227 0.129644 245
rs67066405 -0.0631230901688562 0.0270357025784954 0.15218 245
rs117404294 -0.0491803039226549 0.04236849033223 0.0535875 245
rs74374673 0.0688777998682438 0.0256633917262662 0.135818 245
rs9947980 0.0688794285612939 0.0256651977197376 0.134141 245
rs1790974 0.142237471987839 0.0153996762534327 0.437265 245
rs1790602 0.0798249649572148 0.0336148797232549 0.0816957 245
rs9950174 0.145760420291403 0.0151724634074409 0.461867 245
rs17800362 -0.0777723865423759 0.0339447564885478 0.0815434 245
rs948788 0.143574924841647 0.0153117578408001 0.464833 245
rs2365358 0.143582092772266 0.0153140686125814 0.464843 245
rs75203923 0.137509373355101 0.0161917352870426 0.464886 245
rs1790604 0.141876618766723 0.0153986607115208 0.462765 245
rs1790576 0.145342757133762 0.0153539259860847 0.465179 245
rs1790575 0.147948178055704 0.0151947014229753 0.46744 245
rs1790963 0.145592108380449 0.0153624748209066 0.467577 245
rs1790962 0.143202586083718 0.0154719856838648 0.474382 245
rs188159571 -0.103105741723983 0.0347561148860739 0.0730646 245
rs62092080 -0.166334726379025 0.026187088914248 0.112431 245
rs58948695 -0.166257337217571 0.0261775383392367 0.113046 245
rs1790605 0.103068778312626 0.0342589533380931 0.0731823 245
rs34875178 -0.145986347861594 0.0153811418481646 0.47482 245
rs62092084 -0.165272021674066 0.0261246623295234 0.112492 245
rs7239671 -0.147017784318128 0.0156025657152476 0.474818 245
rs7241191 -0.105768797261722 0.0167875581260082 0.371594 245
rs1610554 0.146884814333911 0.0154234974198605 0.474413 245
rs4891780 -0.145817701526092 0.0154975910876724 0.473316 245
rs4891781 -0.116596254929308 0.0163566856404841 0.40056 245
rs12604328 -0.0448450945391055 0.0199786056648014 0.257975 245
rs1790961 0.144911069618785 0.0158395579147226 0.474465 245
rs3018275 0.147267594180777 0.0153401598190696 0.47457 245
rs1808094 0.147826571378193 0.0154408931169092 0.474407 245
rs1615504 0.14725787565671 0.0153408440157012 0.47486 245
rs13381239 -0.145726347501521 0.015357625421495 0.474193 245
rs4891782 -0.115278218954623 0.0309200953932948 0.103269 245
rs58932682 -0.162532473387398 0.0196858705631994 0.216537 245
rs1788232 0.147271731554838 0.0153406266026015 0.474935 245
rs7244202 -0.145730022166055 0.0153578122395907 0.474743 245
rs1790947 0.149808362011778 0.0154034356215529 0.474755 245
rs34594414 -0.0487657918315938 0.0201377287335694 0.257687 245
rs1790946 0.149810668578701 0.0154034252744364 0.475317 245
rs1469857 0.09838556608371 0.0344737786709701 0.0734093 245
rs1469858 -0.120280931496232 0.0164027045579631 0.401268 245
rs727088 0.15249881739556 0.0153293622807659 0.474986 245
rs34794968 -0.123496112171053 0.0163935504920929 0.398549 245
rs763361 0.15249881739556 0.0153293622807659 0.472623 245
rs763362 -0.123509991748068 0.0163930725591416 0.398819 245
rs1790931 0.152498484330497 0.0153293019911166 0.47216 245
rs1788105 0.152502187851414 0.0153280372940029 0.472583 245
rs4891376 -0.123529414881738 0.0163897694009591 0.398914 245
rs1788230 0.0984145433550664 0.0345412684532304 0.0734148 245
rs1790932 0.152460487391885 0.0153201599188109 0.474874 245
rs1788229 0.152298496955 0.0153071716229444 0.472392 245
rs72481820 -0.0977651095202059 0.0350531871371615 0.07245 245
rs1790588 -0.147819897311244 0.015004507747175 0.477425 245
rs117895857 -0.105816887825754 0.046980989670878 0.0456154 245
rs12969657 0.149391919330068 0.0150024828449312 0.477458 245
rs8099412 -0.147368743479771 0.0152235530456639 0.475425 245
rs12956324 -0.11984836007713 0.0162536782158812 0.403019 245
rs17081746 -0.0971763945844106 0.035099316173729 0.0724043 245
rs17207042 0.148573050368843 0.0149613352512531 0.477399 245
rs150336405 -0.112530261767756 0.0347595763007002 0.0724043 245
rs1788103 -0.147819897311244 0.015004507747175 0.477468 245
rs12455361 -0.121200448716625 0.016159740353107 0.403125 245
rs1865761 0.149345565224025 0.0150021932033205 0.477597 245
rs77476861 -0.0969980730804943 0.0351130997421634 0.0724818 245
rs1788101 -0.16660455627967 0.0250967133636555 0.115121 245
rs1788100 -0.147905855155203 0.0149998979075634 0.477774 245
rs1790942 -0.105625026499554 0.034545134759385 0.0740945 245
rs147737989 -0.0877820772151527 0.0432529252718072 0.045387 245
rs7228448 -0.0975526548524107 0.0351197025758905 0.0724154 245
rs1788098 -0.150936899377712 0.0150465106239724 0.4774 245
rs1610555 -0.122134917601605 0.0159754219791245 0.402611 245
rs74921269 -0.0979378424054616 0.0351131066581505 0.0728902 245
rs1788097 -0.148935816628381 0.0149745757424088 0.477378 245
rs4891784 -0.0989305099014961 0.0350416924214319 0.0724486 245
rs4891377 -0.0938394459792785 0.0351565557100515 0.0710726 245
rs2469434 -0.122323530067683 0.0159633890546797 0.406254 245
rs77035486 -0.00590782526127252 0.0371207174304668 0.0659521 245
rs143928103 -0.019210430755779 0.0401741731270968 0.0573819 245
rs11661553 0.141030477109054 0.016447545221047 0.431547 245
rs1788244 -0.116802521435477 0.0159204942539978 0.401028 245
rs78057137 -0.0922192918413752 0.0351159585380084 0.0711474 245
rs1788243 -0.0290063820363005 0.0281660502526775 0.117564 245
rs1790968 -0.0616406821110527 0.0448589258623778 0.0559201 245
rs4094864 0.137791824067918 0.0152049337285894 0.491795 245
rs77133765 -0.0041023628452282 0.0372530873233559 0.06097 245
rs1788242 -0.0270686248974128 0.0283450502346095 0.116716 245
rs11151544 0.13764942608196 0.0151956680288708 0.491805 245
rs1790967 -0.0273879275182481 0.0283211797711264 0.117613 245
rs117462840 -0.00575377135022199 0.0401291838365402 0.0554342 245
rs62090796 -0.110393758013492 0.0169174999188112 0.320245 245
rs1790966 -0.116307370816768 0.0161354383525864 0.437743 245
rs1788095 -0.0328388899361998 0.0283820839815506 0.117487 245
rs114293040 -0.0882904776278809 0.0355365273842257 0.0694336 245
rs1550134 0.0880616328096982 0.0355238188172818 0.0694654 245
rs1124980 0.122193020964469 0.0153737032060058 0.389847 245
rs1790969 0.0881820246051392 0.0350602208830488 0.070584 245
rs7237727 -0.109934554814244 0.016686391347206 0.320174 245
rs7237611 -0.110068031748074 0.0165228405696785 0.320297 245
rs2051324 0.0406054586163207 0.0251016191281112 0.143221 245
rs2051323 0.0406328403363713 0.0250956153521325 0.143437 245
rs2051322 0.0270769775735532 0.0281160931975645 0.117431 245
rs2156247 0.0592204418103555 0.0237643766875214 0.186775 245
rs1790597 0.0926620408207457 0.0488770685809163 0.0434448 245
rs1009847 -0.106710719961261 0.0180276021171789 0.277134 245
rs999146 -0.0406328403363717 0.0250956153521324 0.143687 245
rs1619345 -0.0663976861554817 0.0329113279440459 0.0698447 245
rs10513983 0.0592204418103555 0.0237643766875214 0.186666 245
rs77580480 -0.167967680597931 0.0255741660820797 0.124378 245
rs1619767 -0.0216029463300687 0.0283519625608206 0.116795 245
rs1790599 -0.027076977573554 0.0281160931975646 0.116655 245
rs1788238 -0.105007232629336 0.0167879936337662 0.394568 245
rs1007822 0.132098697519654 0.0161778740084844 0.465542 245
rs17081797 -0.00487519942345339 0.0368582152747759 0.073275 245
rs1788237 -0.027076977573554 0.0281160931975646 0.116968 245
rs1790971 -0.027076977573554 0.0281160931975646 0.117347 245
rs12964890 0.131950182370534 0.0161895272198805 0.463208 245
rs4891378 -0.0879812022061406 0.0355204868114156 0.0693256 245
rs17802023 -0.106218513126715 0.0181039832089546 0.275161 245
rs17208063 -0.0879390477667441 0.0355229391166685 0.0693159 245
rs17208112 -0.106155992627444 0.0181587062701106 0.274912 245
rs1788236 -0.027872779992586 0.0281808580409174 0.118928 245
rs11151545 0.131876554809869 0.0161916451765247 0.465712 245
rs80021090 -0.0879812022061406 0.0355204868114156 0.0693062 245
rs1620963 0.0879812022061393 0.0355204868114156 0.0694433 245
rs1627417 0.0879812022061393 0.0355204868114156 0.0694073 245
rs12969613 0.1301027457254 0.0165908916507928 0.463874 245
rs1788235 -0.0282738227602472 0.0282115931164079 0.119423 245
rs1790945 0.124385730932971 0.0169176574868457 0.344934 245
rs67643815 0.133460498181513 0.0162591547888879 0.465059 245
rs66504140 0.133464487745114 0.0162588629960147 0.465056 245
rs12968499 0.133040398378492 0.0163889714786949 0.467084 245
rs1790930 0.0920915558435383 0.0494145281424201 0.0438407 245
rs1788115 0.0919976214551587 0.0494528561097855 0.0435085 245
rs12606481 0.000255467429991877 0.0381885276090281 0.07352 245
rs4891785 -0.0919246843987052 0.0495767019968236 0.0433064 245
rs1788114 -0.116849753937122 0.0165781387204011 0.424069 245
rs17842596 0.115613371133285 0.0163783517553908 0.392725 245
rs1788113 0.0644525404909458 0.026027305678145 0.132951 245
rs1788112 0.0589130444141876 0.0312542904690543 0.0855787 245
rs10432241 0.0729778090610052 0.0248972583526101 0.19363 245
rs75133490 -0.0666500522411258 0.0323319254800011 0.0697811 245
rs1788234 -0.107148581750512 0.0162102786970139 0.394774 245
rs12456315 -0.029753036331192 0.0400857005312333 0.0586998 245
rs1788245 -0.0128489272082782 0.0407901672229381 0.057602 245
rs17209129 -0.0390390158567748 0.034233647607191 0.0966904 245
rs11151547 0.0314419525748003 0.0183779838779752 0.411348 245
rs1823778 0.0493469987426056 0.0300879495116935 0.132068 245
rs1539964 0.0284991901638617 0.0182829869166258 0.411091 245
rs71370382 -0.0434917938242974 0.0324428433927923 0.0972663 245
