geno	resid	resid.N4BP2	resid.KIAA1586	resid.ARHGAP30	resid.EDNRB	resid.NOP56
1	0.321683099	0.25542808	-0.00383952	-0.061166925	0.034672412	0.048389363
2	-0.329763726	-0.216588035	-0.256696449	0.115823423	-0.1224337	0.277662497
0	0.100967553	-0.096478018	-0.02291812	-0.148439909	-0.000697774	-0.89315522
0	0.404360139	0.047806754	0.026884286	-0.289568212	0.057519613	0.132605163
1	0.051185276	0.314330658	0.070605369	-0.182070871	0.07915195	-0.044595082
2	-0.125540207	-0.492384634	-0.133827159	0.342255203	-0.0001982	0.238167476
1	-0.189574535	-0.29537667	-0.039146184	0.277685521	-0.104698101	-0.13359891
1	-1.159472256	-0.58733935	-0.134268919	0.286104614	-0.034372951	0.234278232
1	-0.211802934	-0.359113976	-0.076925826	0.015562058	-0.108157345	-0.257447775
2	-0.222044094	-0.227186814	-0.09893943	0.098668397	0.069840538	0.140564278
1	0.116776057	0.143226797	0.008004318	-0.094046679	0.029137143	-0.192315005
0	0.436061909	0.501128378	0.095229037	-0.118727714	0.159378283	-0.281217072
0	0.492117095	0.208676172	0.078252327	0.089804618	-0.002408331	0.008844056
2	-0.986772807	-0.361010637	-0.042272085	0.058474047	0.016056141	0.425393565
1	0.060561991	-0.016133737	-0.041890683	-0.174394356	-0.038969185	0.047160395
0	0.180000109	0.035725429	-0.023153655	-0.119589698	-0.011326938	-0.182271782
2	-0.288587505	-0.165428908	-0.052595996	0.207152896	-0.050175561	0.133264539
0	0.294620998	0.347638712	0.026619137	-0.138395524	0.112187094	-0.12206842
0	0.248259858	0.2880065	0.00973596	0.092441931	-0.022361954	0.10156198
0	0.166649942	0.035617833	0.053044283	0.139605691	-0.045963558	-0.266254654
1	0.064814672	0.094386023	-0.005432517	0.176447999	-0.020535639	-0.00182709
2	-0.198522115	-0.345173104	-0.021966372	0.223604637	-0.088983021	0.233610226
2	-0.442629524	-0.363252843	-0.102405262	0.229170047	0.013180874	0.368447591
1	0.223050922	0.138346864	-0.04061604	0.222944683	-0.073241274	0.008349247
0	-0.165778713	0.206520795	0.038043943	-0.085979121	0.034803697	0.086155139
0	0.335608449	0.382563097	0.03474423	-0.156756603	0.020753377	-0.21608466
0	-0.038717594	-0.046223275	-0.01897594	-0.027104177	-0.086089578	-0.009489652
1	-0.667207908	0.14765753	-0.012859042	0.101492847	0.003799871	0.040548207
1	0.148697521	0.332446322	0.056126535	-0.064266254	-0.010785221	-0.092596261
0	0.317176113	0.415455765	-0.079000104	-0.064799128	0.034948325	-0.147043409
1	-0.273923878	-0.32023298	-0.056230036	-0.076215981	-0.017031254	0.262081641
0	0.14963723	0.092467721	-0.00312451	-0.2431126	0.038446755	0.007246323
1	-0.049826259	0.134867134	-0.008834191	-0.142254112	-0.000217874	-0.003926858
0	0.302265181	0.266907538	0.070790994	-0.072540577	-0.012951318	0.072127335
1	-0.180694718	-0.202132685	-0.041902392	0.073522288	-0.000725379	0.100837006
1	-0.371821231	-0.21708784	-0.060538432	0.108960606	-0.029004766	0.16409623
1	-0.155641349	-0.070166439	-0.000578079	0.003243096	-0.033576962	0.058862285
2	-0.597531178	-0.339634166	-0.107041366	0.068272441	-0.048937338	0.140161199
0	0.082412374	-0.037992615	-0.069375384	-0.023379982	0.02982555	-0.115625732
1	0.202224979	-0.162718869	-0.096212938	-0.013354552	-0.004047093	-0.167300103
1	0.178740278	0.105302503	0.09219156	-0.07096956	-0.022569835	-0.028417008
1	-0.07576188	-0.19345944	0.169763689	-0.138324152	0.018723882	-0.048879315
1	-0.096028156	-0.000352099	0.002955636	0.05227573	-0.025441099	0.011614391
1	-0.103166458	-0.264173117	0.001090528	-0.048383848	-0.024571931	0.173956413
0	-0.306055928	-0.027232632	-0.012822592	0.007736734	0.048184954	-0.10390064
1	-0.076710674	-0.083316302	-0.045264062	-0.112850201	-0.098123085	0.200510314
0	0.524846276	0.163729168	0.036545424	-0.125058673	0.104415586	-0.58811732
1	0.037312412	0.033710576	-0.032294326	-0.213304041	-0.078683732	-0.113391339
0	0.132410172	0.352296153	0.023197099	-0.23306082	-0.087571518	0.048551064
0	-0.103684922	-0.123009696	0.030686949	0.023143357	0.009026682	0.04380307
0	-0.05639843	0.321776762	-0.008640536	-0.291103379	-0.021709625	-0.011631133
0	0.352196533	0.072849717	0.079081951	-0.246274583	0.086582913	-0.247147583
1	0.009029825	0.175896245	0.009867023	0.382016532	-0.102454681	0.369820565
1	-0.119396526	0.048795864	0.018064493	-0.171639154	-0.037324711	0.040629483
0	0.194414833	0.180334337	0.059613024	0.01223919	0.060953532	-0.009980065
0	-0.082632993	-0.152379317	-0.06930209	-0.210154731	-0.049891559	-0.040374745
0	0.185416839	0.089060192	0.114702646	-0.04499377	-0.043307447	-0.203645586
1	0.014408675	-0.226150143	-0.172973339	0.215770732	-0.037935175	0.166422696
0	0.395354832	-0.145020655	0.104542526	-0.153037691	-0.051648698	-0.26699251
2	-0.232512096	-0.386649108	-0.09406422	0.219805403	-0.055721435	0.051938884
0	0.135834869	0.334601153	0.326512651	0.151500758	0.230947795	0.023788037
1	0.194948543	-0.348154671	-0.117885308	-0.074107831	-0.001980353	-0.162952538
0	0.092174625	0.219173979	0.036868237	0.032295937	0.064310293	0.006523022
0	0.09800461	0.080309724	-0.131996266	0.052350575	-0.005189274	-0.025651933
0	0.082965422	0.141591996	-0.030475	-0.240384313	0.023413359	0.017943643
0	-0.184272924	-0.134403518	0.040901541	0.246880001	0.013653969	0.091549711
1	-0.187898782	-0.13527137	-0.056667194	0.230706217	-0.044653761	-0.111714976
1	-0.267570564	0.078430191	0.05258998	-0.044554193	-0.048772603	0.100489493
1	0.155759199	0.180369143	-0.112310774	0.087829284	0.011559905	-0.076276027
2	-0.413354735	0.019140351	-0.03485673	0.123035468	-0.06798009	0.066658011
0	-0.043214627	-0.168667995	-0.036359385	0.047292236	-0.065341547	0.120509501
1	-0.070879784	-0.08042157	-0.010348031	0.160904132	-0.009135956	0.31404214
0	0.166534053	0.119599887	0.130056414	-0.308814541	0.07148753	-0.055791628
1	0.017323896	0.167060148	-0.04407044	0.220634229	-0.025268952	0.02037582
1	-0.034002035	-0.126738647	-0.080736309	-0.066132577	-0.013728286	-0.128865412
2	-0.356343077	-0.160844284	-0.074370777	0.255146823	0.040056477	-0.001554002
0	-0.122142896	0.353650775	0.105072717	0.15311261	-0.010782228	0.238455651
0	-0.050026421	-0.000643445	-0.033221441	-0.176163938	0.000371853	-0.35059428
0	0.140719222	0.070850222	-0.075338802	-0.205527595	0.008126262	-0.167247963
1	-0.028383611	0.252610608	0.022010683	-0.008047121	0.047125591	-0.148298317
1	-0.143222252	-0.014540785	-0.034334168	0.057072987	-0.017139193	0.278678982
0	0.097597183	0.315484026	-0.071721424	0.007428398	0.056190122	-0.171305138
1	0.107694534	0.018522702	-0.023596024	0.036822918	-0.00935791	0.040505317
1	0.061315615	0.247769114	0.00037139	-0.174679316	-0.005532651	-0.056809957
0	0.078226779	0.146476448	0.125300526	0.035100014	0.071604219	0.046504843
0	0.285851269	0.114517583	-0.019216635	-0.108460266	0.03752235	-0.075013744
1	-0.447784561	-0.279112508	-0.074884838	-0.006027978	-0.102123536	0.166579234
0	-0.000896887	0.168010172	0.114773822	-0.075791125	0.042367378	-0.133676458
0	0.368385328	0.210995327	-0.038021285	-0.212061528	0.052170052	-0.024853278
2	-0.30791043	-0.152307342	-0.046522372	0.140491317	-0.073303462	0.055407223
0	0.045691772	0.17676388	-0.018579704	-0.095052627	-0.021145442	-0.1996633
0	0.193328872	0.2116622	0.180515124	-0.277397769	0.059866458	-0.020951078
1	-0.048401585	0.11081179	-0.050303449	-0.135920859	0.0067359	-0.014816966
1	-0.087711065	-0.103533863	-0.052954654	-0.063027208	0.017296254	0.12736926
0	0.383769338	0.251445253	0.146590083	-0.161654488	0.01792223	-0.063304343
2	0.065735174	-0.023727133	-0.050536282	0.047491395	-0.054164558	0.307987943
0	0.291939043	0.138402595	-0.015521765	-0.043240439	0.034303786	-0.057631022
2	-0.152127245	-0.079102209	-0.015695041	0.231337581	-0.043996155	0.227188596
1	-0.114827284	-0.055626294	-0.009774263	0.146044978	-0.041135454	0.027757873
0	0.223197105	0.041395466	0.066733937	-0.100373092	0.00233488	-0.121995965
0	-0.148662366	-0.165880362	-0.037124216	-0.10353012	-0.006055006	-0.043550408
1	-0.040939581	-0.073339722	-0.003229541	0.081462958	-0.015161655	-0.021568023
1	-0.075118423	-0.104667838	0.03393749	0.069968655	-0.042172387	-0.003361474
1	-0.027747462	-0.078536478	-0.088360341	-0.140077617	-0.009047815	-0.04745138
1	0.076153997	0.149201039	0.198498252	0.080955042	0.015961665	0.183601963
1	0.215674769	0.143448265	0.087867321	-0.075656457	0.107186049	0.030483522
1	-0.166450329	-0.161231237	-0.056994962	0.191167885	-0.048454228	0.061955959
0	0.256500688	0.077235405	0.085987235	-0.405652761	0.053347389	-0.022353579
2	-0.058136896	-0.273656334	-0.125811901	-0.253452357	-0.029987226	0.140707496
1	0.022725568	0.084246641	0.170493025	0.050078052	0.005989984	-0.073405354
2	-0.225822391	-0.351911644	-0.055064929	0.105843549	-0.07511184	0.206201012
1	0.078592892	0.093759025	0.143376755	0.031818019	-0.003245091	0.043906972
2	-0.461243154	-0.221976	-0.084800835	-0.025562589	-0.099674417	0.314371944
1	0.013797223	-0.164346425	-0.0118149	0.041692135	0.001583727	-0.110626751
0	0.034802228	0.067234064	0.005634256	-0.018453913	-0.011113381	0.097507337
2	0.179943766	-0.15475208	-0.092671738	0.0949857	-0.056840532	-0.124842427
0	0.403537173	0.230011645	-0.060594191	0.035766724	0.009247088	-0.147730545
1	-0.046356752	-0.246783868	-0.058463924	0.019812519	0.025010513	0.116462969
1	0.426130312	0.243259772	0.053110425	-0.026356823	0.001916741	0.002676766
0	0.282494916	0.344327425	0.035079787	-0.056023563	0.158747338	-0.169541472
1	0.121990218	-0.104175102	0.029064941	0.108713672	-0.089045503	0.046915371
1	0.245646138	0.021291205	-0.103743029	0.141543894	-0.017701762	-0.070574561
2	-0.134086901	-0.163570886	-0.079815027	0.087887343	-0.021667607	0.091443693
1	0.143576635	-0.171718398	-0.000694931	-0.091405459	0.009110558	-0.095782829
0	-0.009816193	-0.119191621	-0.039106983	-0.049231261	0.011183622	0.006289658
0	0.317864932	0.557999777	0.115300217	-0.064884002	0.063487642	-0.074408132
1	0.015126582	0.040534949	-0.061164935	0.118915667	0.014890077	-0.019449865
1	-0.071394574	-0.050569856	-0.110041891	0.133951434	-0.062750325	0.163672546
1	-0.117571452	-0.025822806	0.118318048	0.16790405	-0.079155617	-0.23029903
0	0.262084198	-0.047954634	0.004584154	-0.04591267	0.091659239	-0.189360747
0	0.458750599	0.321607003	0.088492241	-0.05274971	0.042068469	-0.047084044
1	-0.146365996	-0.326695861	-0.148632279	0.151051236	-0.119825212	0.024013447
0	0.002725823	0.279146394	0.037292904	-0.028842638	0.07580236	0.129715251
0	0.030001152	-0.209289472	-0.026850245	-0.079208688	0.003183174	0.146157433
0	0.100262953	0.198392998	-0.005106325	-0.033735153	0.021158089	-0.337450619
0	0.019054738	0.18527712	0.095362675	0.015125938	0.063543514	0.042815906
1	-0.115779304	-0.036876974	0.06978768	0.077343308	0.033937572	0.060644482
0	0.193370008	0.007223084	-0.012396808	-0.096263174	0.009926333	-0.158352012
0	-0.010745079	0.019567711	-0.030176369	-0.229301887	0.030619928	-0.035744585
0	0.131850589	0.103806369	0.031834392	-0.055156109	0.035974312	0.03858902
0	-0.13965316	0.110309831	0.164557538	0.107688402	0.032234239	0.123878053
0	-0.024860848	0.048927412	-0.085884836	0.020961745	0.056184702	-0.155752228
2	-0.505087925	-0.759041145	-0.16717583	0.320437026	-0.011915409	0.125192841
0	0.094524383	-0.037274508	0.032917211	-0.187512126	0.021928323	-0.168492515
0	-0.167337095	-0.311764064	-0.123406296	0.044944403	-0.020626841	0.103471031
0	0.132699386	0.052994107	0.05273297	0.016456572	0.08276484	0.099087055
0	0.0027604	0.147139792	0.016413585	-0.032145543	0.035140072	-0.030108092
1	0.128423734	-0.143422437	-0.0370138	0.105552748	-0.014655991	-0.018667478
2	0.016186178	0.104778913	-0.02816056	0.051356009	-0.042693315	0.152747831
1	0.003600522	-0.138611076	0.04539092	0.057639919	-0.018358287	0.24812108
0	-0.060689307	-0.28854515	0.002795059	0.14817388	0.001999286	0.002631898
0	-0.038033589	0.087061252	0.066810703	-0.086280018	0.034895158	0.083486694
2	-0.047651934	-0.050027889	0.013580112	0.106771798	-0.0329792	0.1397384
1	-0.20035049	-0.163045296	-0.066790259	0.119476116	-0.05904326	0.167133372
1	-0.227887673	-0.022679631	0.016577968	0.095169755	0.069463462	0.122868731
0	0.262585852	0.2012496	0.199408257	-0.003318712	0.048219009	-0.094780904
0	0.028188116	0.294799943	0.09984075	0.116827782	0.069411907	-0.012590001
2	-0.891039869	-0.568631333	-0.147422081	0.113499441	-0.070038502	0.039055558
0	0.343930081	0.246879967	0.104105736	0.199719032	0.022673045	0.093215282
1	0.2421011	-0.008380931	-0.049777817	-0.042091076	-0.032890617	-0.125321622
0	0.075130015	0.120866938	-0.082420497	0.031796532	0.012607055	-0.042025875
0	0.195591322	0.112445347	0.049427388	-0.141473665	0.199278261	-0.040941976
2	-0.360807678	-0.146982622	-0.092940275	-0.196565765	-0.066235205	0.059500488
1	-0.137523589	-0.151464946	-0.176895922	0.024877414	0.001195402	-0.117382166
0	-0.034391714	-0.076934615	0.103655895	-0.098412671	0.026207011	-0.062954352
1	0.010725624	-0.191986494	0.041803049	0.035950512	0.009405785	-0.125166249
2	-0.396293125	-0.161828842	0.026853764	0.03624346	-0.10497184	0.062138754
1	0.147223843	0.071650068	0.022133881	0.105175606	0.019584995	-0.023289892
1	0.04124021	0.125234726	0.072156537	0.110107113	0.030684213	0.01900078
2	-0.17380043	-0.070546466	-0.023424736	0.147449276	-0.095023898	-0.028416451
0	0.183922372	0.113084726	-0.05909249	0.148298406	0.02846389	-0.22414242
0	0.08900802	0.115281631	0.065521002	-0.255789563	0.01933534	-0.116871604
1	0.224692214	0.171952966	-0.008040726	-0.320096765	-0.010076492	-0.03019678
1	0.190658029	-0.068472567	0.019199124	-0.080858668	0.008567008	-0.112620804
0	0.227264924	0.137761399	-0.018996546	-0.174874137	-0.013706325	-0.238254165
1	-0.124903602	-0.027921088	-0.050537947	-0.228790437	-0.029827131	-0.076864045
1	-0.094274596	-0.048636852	-0.0345338	-0.160671401	0.073143482	0.018750297
1	-0.037754463	-0.011131746	-0.014457566	-0.121074669	0.008947488	0.008155709
1	0.340020657	0.1954931	0.02080891	-0.317898066	0.076676778	-0.000705809
1	0.07742259	-0.157093868	-0.030841022	-0.059157423	0.00369274	-0.005352463
1	-0.265571492	-0.148204484	-0.108240862	-0.015043203	-0.002137819	0.119172656
0	0.150490598	0.157907499	0.035293918	-0.357801002	-0.033520564	-0.109928442
1	-0.063330968	0.084418952	-0.056852035	-0.173287706	-0.036731368	-0.014356826
1	0.093204496	-0.004810378	-0.063575095	-0.065136593	-0.063867725	-0.144195128
0	0.482486157	0.300563284	0.071170348	-0.004048019	0.06901644	-0.271260928
1	-0.141450166	-0.0231893	-0.057209353	0.028783169	-0.013483302	0.156315634
1	-0.098558733	-0.130950731	-0.03792639	-0.111800502	-0.092453161	-0.088687527
2	-0.126835812	-0.071216192	0.088980753	0.186975882	-0.049490621	0.17478676
0	-0.113215484	0.002228002	0.055271403	-0.01342806	0.077016196	0.063796914
1	-0.264200097	-0.247748054	-0.119592276	0.169793721	-0.006162031	0.181734495
1	-0.004464796	0.018464599	-0.061486466	0.27717663	0.011614893	0.288465039
2	-0.29985636	-0.051834298	0.015585006	0.194961344	-0.056145487	0.182696875
2	0.019934873	0.009738338	0.043804433	0.066015806	-0.124357346	0.303238834
1	0.040806208	-0.148398595	0.042712174	-0.10125785	-0.040173023	0.112609467
1	0.182636179	0.085654086	0.022235282	-0.135357186	0.079410404	-0.020526567
1	0.058815379	-0.0806453	0.089931427	-0.10124173	0.016142253	-0.030983267
2	-0.236791999	-0.165781442	-0.009530666	0.155002028	-0.052894373	0.090184429
0	0.050103564	-0.033319182	-0.09928273	-0.062537663	-0.008392019	-0.032928723
2	-0.18032483	-0.038034356	-0.035579676	0.033061647	0.031691015	0.126202819
1	-0.016081059	-0.079893303	0.048080757	0.062260719	-0.110041775	0.06747082
2	-0.603522072	0.03364673	0.022205834	-0.063412606	-0.034519326	0.113447583
0	0.335463554	0.250459683	0.094556116	0.009170802	0.096211522	-0.099529974
2	-0.14158389	-0.089299382	-0.154457065	0.21157647	-0.014554706	0.203008146
0	0.281932608	0.301446077	0.044515031	-0.008639681	0.115621043	-0.024285407
1	0.16140679	-0.19722716	-0.091954346	-0.098162411	-0.11871174	-0.069038684
1	0.095825392	0.09602526	0.042789033	0.05049586	-0.05608687	-0.082801436
1	0.054065059	0.115777242	0.033906461	-0.087152503	0.036672168	0.128422396
1	0.377237526	0.229290773	0.103290148	0.210767635	-0.041628726	0.147287038
1	-0.178512178	0.01691775	0.002867203	0.155966509	0.007863919	0.116296405
2	-0.421812842	-0.223952152	-0.115964939	0.193428995	-0.085496218	-0.116251808
0	-0.369427776	-0.028178156	-0.08950266	0.30397897	-0.009573255	0.262608645
1	-0.042311466	0.087649518	-0.152194877	0.10732209	0.037519657	-0.218833941
1	-0.135450447	-0.291951322	0.041097346	0.04666949	-0.026203127	0.229200177
0	0.133457118	-0.08625565	0.013660747	0.172271952	0.105278586	-0.139789927
0	0.04521371	-0.051844531	0.047344759	0.073118045	-0.068823091	-0.063824664
1	-0.296114276	-0.154873833	-0.078582974	0.406867965	0.055181245	-0.223191631
0	0.046125432	0.10187092	0.063989154	0.260411024	0.095795589	0.028182011
2	-0.027926756	-0.112183251	0.035744801	0.279020704	0.046161017	0.182101303
2	-0.364254161	-0.44621197	-0.038961517	0.139898094	-0.08451533	0.141423914
1	0.059273084	0.084970971	0.070930349	-0.020850529	-0.038430027	-0.072228148
0	0.016752227	0.294404894	0.214900672	-0.266069224	0.114944505	-0.027171208
1	-0.160380322	-0.119301737	-0.063877232	0.0062108	-0.025562708	0.124278992
0	0.283643499	0.065841969	0.142547397	0.031987191	0.056255708	-0.049965349
1	-0.107732783	0.231130465	-0.04149109	0.071369251	-0.037508171	0.011439303
0	0.275143092	0.150382156	0.058923117	-0.160948383	0.063615944	-0.095840006
2	-0.761523439	-0.555351584	-0.10701624	0.226771515	-0.036252416	0.221125845
1	0.378314918	0.127460752	0.132059797	0.027485681	0.106505744	0.21100346
0	0.25197475	0.343611824	0.24045286	-0.365930488	0.010798991	-0.326154582
0	-0.296837373	-0.119655566	-0.079103671	0.004447452	0.032519206	-0.067482522
0	0.362166388	0.152291013	0.018941322	0.237308641	-0.004816296	0.045286317
0	0.02937806	0.193439527	0.139384851	-0.395525948	0.078523909	-0.233490875
1	-0.02592923	-0.091476706	-0.076808717	0.187033179	0.026926845	-0.228790872
1	0.253644328	-0.100240381	0.039605445	-0.148865833	0.047549449	-0.03299238
0	0.032301585	-0.012660908	0.014946283	-0.032345661	0.011665354	0.119199815
0	0.007419004	0.157533911	0.049619632	-0.101946665	-0.037950833	-0.102806276
0	0.413606107	-0.001124239	0.115898809	-0.098389047	-0.005078497	0.144545547
0	0.223423577	0.23962459	0.129175328	-0.158044044	0.020416519	-0.185671997
1	-0.214019731	0.032178283	0.043157391	0.0706987	0.016007014	0.241876443
2	-0.720821905	-0.566809951	-0.06798027	0.209406516	-0.001167824	0.249246606
0	0.165210217	-0.114642414	0.075263722	0.028193746	0.031409707	-0.102067659
0	0.175298613	0.09905279	0.01259255	-0.435796611	-0.063817194	-0.38114842
1	-0.054422933	-0.270416271	-0.09064609	0.029860826	-0.045787417	-0.158906148
0	0.335822723	0.13874126	0.070065599	-0.156957578	-0.047620336	-0.183696608
1	-0.078166441	-0.227886035	-0.067933875	5.85E-05	0.007757571	-0.079925795
0	0.32578804	0.398628633	0.076561083	-0.192910116	-0.005704224	-0.208083726
