geno	resid.TAB1	resid.GPRASP1	resid.LRMP	resid.HOXD4	resid.PSD	resid.HMOX2	resid.AC128709.4	resid.THADA	resid.MT1L	resid.LINC01235
1	0.112453311	0.199333279	0.051734673	0.194432164	0.384864115	0.240359589	0.112048352	0.426200985	0.443202507	0.13488798
1	-0.014160383	0.165908611	0.031364053	0.043743118	0.268193267	0.156526358	0.156422774	0.180738253	0.044174811	0.007121549
2	-0.08669827	-0.196502778	-0.112680375	-0.117088883	-0.219709423	-0.356525437	-0.117512209	-0.258197649	-0.489035196	0.014179074
1	-0.030805012	-0.063632104	0.004202213	0.028447874	-0.032030258	-0.049652919	-0.022032379	0.005162898	-0.000775631	-0.052617716
1	0.026226125	0.166215013	0.117589112	0.077341241	0.070901669	0.173654617	0.01511758	0.011063036	0.122288136	0.045753023
1	-0.045005811	-0.087068279	-0.064686656	-0.140341427	-0.185434569	-0.193452601	-0.035004709	-0.212652974	-0.314064418	-0.040411728
0	0.078103349	-0.03520277	0.038465007	-0.015941591	0.072490524	0.020317955	-0.025748677	0.063664247	0.052800844	0.084409778
1	0.004565838	0.029415177	0.009398151	0.008237021	0.24316102	0.043217878	0.058364162	0.029699441	0.228536841	-0.032727743
1	-0.035942789	0.358020527	0.065726853	0.198489766	0.302549787	0.252565748	0.132529193	0.407825126	0.731200305	0.164498128
1	0.083207596	0.238057706	0.075215995	0.20730655	0.29201962	0.372694015	0.183017927	0.347806865	0.311191933	0.032019279
2	0.010824268	-0.118182271	-0.100199996	-0.144095588	-0.231401264	-0.247554775	-0.100082858	-0.207845536	-0.271952347	-0.036832859
1	0.009809302	0.111331317	0.066384309	-0.04568885	-0.007230539	0.236468555	-0.051649704	-0.012220236	0.163747842	0.027492684
1	0.002843604	-0.065069171	-0.075971726	-0.030703103	-0.181796154	-0.113720149	0.026778667	-0.009732774	-0.235884409	0.009967765
2	-0.046796062	-0.051182103	-0.017376386	-0.066201183	-0.236934307	-0.214346877	-0.093330875	-0.161556464	-0.293548422	-0.060031735
0	0.144936033	0.46613569	0.292885867	0.497283419	0.744371008	0.618648364	0.334479705	0.664515267	0.994054893	0.046682458
1	0.01664666	0.057865144	0.057958686	0.064135706	0.059331101	0.252851027	-0.003371912	0.031199184	0.187673634	0.064739505
0	0.074748721	0.176310411	-0.045093209	0.063064016	0.241477208	0.085225137	0.150406973	0.236617727	0.413835284	0.129805737
1	0.06622965	0.094064316	0.085693822	0.001814969	0.033620892	0.229348215	0.025113543	0.178503411	0.279335638	0.007654697
1	0.025581557	0.213570212	0.120752732	0.097165915	0.206830369	0.14124934	0.073813892	0.132267583	0.170478615	0.059877249
2	-0.034176331	-0.069578882	-0.021574623	-0.047886832	-0.064084145	-0.093616565	-0.084014975	-0.116025062	-0.022427756	-0.06420739
1	0.017145602	0.013472975	0.048270873	0.055553236	-0.210749701	0.047080261	0.026498634	-0.014426972	0.068854231	-0.020491802
2	-0.026118802	-0.152677848	-0.07568167	-0.055213782	-0.159605885	-0.214204408	-0.039566132	-0.241147097	-0.286486074	-0.091008194
2	-0.094384232	-0.20948512	-0.109922499	-0.178582212	-0.362790593	-0.461702323	-0.141083259	-0.33921165	-0.52179207	-0.010624642
1	0.098177925	0.21611942	0.190744339	0.125476928	0.271106348	0.301236006	0.067075745	0.382670766	0.567336945	0.049397846
2	-0.089131427	-0.345315324	-0.176592919	-0.287344631	-0.505492014	-0.502692483	-0.219529675	-0.496652817	-0.733154485	-0.080297019
1	0.053959364	0.164142199	0.030880781	-0.031850159	0.082260594	0.086164229	-0.018337153	0.272456559	0.102670374	0.047285981
1	-0.065009395	-0.096522916	0.030448543	0.005005531	0.034863668	0.097686392	-0.052815601	0.059778985	-0.087306167	0.027558604
1	0.089337547	-0.087541034	0.062639475	-0.04130722	-0.061797321	0.004807351	-0.074173677	-0.082959344	-0.059514233	-0.034927762
1	-0.059321404	0.009768623	-0.146588361	-0.037960403	-0.070351348	-0.06313408	0.035205514	-0.051172335	-0.093110454	0.027330507
2	0.08037276	-0.130834667	-0.115917446	-0.026456391	-0.302662642	-0.246659094	-0.070397674	-0.194223379	-0.230859805	-0.017102691
0	-0.012931154	0.032568057	-0.011551074	-0.079975859	0.053723774	0.041095182	0.070136867	0.011288837	0.024838996	0.029308976
1	0.028447582	0.376098371	0.104471088	0.231312571	0.250148142	0.195205652	0.021233863	0.205864767	0.434907237	0.01989282
1	0.024305413	0.0002618	-0.122928432	0.073389001	-0.149621423	0.011737314	-0.077956333	-0.059027624	-0.044007717	-0.020173348
1	0.042860156	-0.059064987	0.062639404	0.142470901	0.098490486	0.033840037	0.032353239	0.10489466	0.171039131	0.025554692
1	0.04449814	-0.055224029	0.017676448	-0.058471722	-0.079877036	0.111096409	-0.025044999	-0.085717166	-0.085893717	-0.094464837
2	-0.027874833	-0.057761346	-0.022195127	-0.084057228	-0.255948466	-0.10155593	-0.037681157	-0.111384421	-0.282042181	0.004055626
1	-0.006311948	-0.080881623	-0.025770948	-0.074345022	-0.061822746	0.050035638	-0.000833976	-0.102913276	-0.079511369	-0.077173758
0	0.026592925	0.01744866	-0.038939047	0.015471966	0.102379041	0.108253188	0.00217622	0.127184939	0.148810084	-0.049823699
0	-0.059319327	-0.221412406	-0.121615409	-0.117823331	-0.181328457	-0.274366278	0.067882739	-0.09226628	-0.288710179	-0.029936325
1	-0.0422758	-0.121124971	0.005146526	-0.081158678	-0.073297613	-0.033080077	-0.060175847	-0.048515821	-0.109300127	0.005626029
1	-0.048492754	-0.147733158	-0.074382068	-0.187736738	-0.335474195	-0.384413723	-0.190422279	-0.386770675	-0.605568041	0.016135152
1	0.043815285	-0.149371989	0.079063433	-0.028738368	-0.083565178	-0.152675826	-0.03576143	-0.038659692	-0.206976876	0.04727228
1	0.037937537	-0.024482795	-0.050009694	-0.090674388	0.12643102	0.188300496	0.040359189	0.057514585	0.20028134	-0.039538195
0	0.005680638	0.320188349	0.111026733	0.195854879	0.297473994	0.293547922	-0.01590383	0.222977249	0.327004183	0.106356962
0	0.188683231	0.150820355	0.060937268	0.13775678	0.340501633	0.302618481	0.087739397	0.304587797	0.367397995	0.070902823
1	0.022594606	-0.139711142	-0.054720366	-0.088186286	-0.026390144	-0.059133897	-0.06686899	0.013544558	-0.141667814	0.017288638
2	-0.129775088	-0.272365028	-0.082237681	-0.142462792	-0.344296632	-0.122674117	-0.130525452	-0.304047324	-0.520975491	-0.085899227
1	0.032036495	-0.048367614	0.021942144	0.03164252	-0.072189537	-0.012915128	-0.007076594	0.096424527	0.049308836	-0.009602016
1	0.22957119	0.284423439	0.099553629	0.058907537	0.305433104	0.503321537	0.103038051	0.443344406	0.40486805	0.087759778
1	-0.028296506	-0.011537239	-0.011244116	0.091237804	0.001711225	0.054340622	0.097823623	0.043978072	-0.060301231	-0.017032667
1	-0.02362879	0.197034634	0.212710736	0.015978675	0.265363879	0.221809078	-0.037001157	0.238881852	0.291758751	-0.03673318
1	-0.075895132	-0.103860518	-0.095561019	-0.057952567	-0.032916198	-0.064908345	-0.01113898	-0.027746394	-0.09356129	0.044659887
1	-0.139988439	-0.148719144	-0.106301417	-0.124184253	-0.083875034	-0.05516507	-0.067320395	-0.187152157	-0.139648557	0.002136679
2	-0.123174609	-0.254026465	-0.139280151	-0.260278902	-0.415012256	-0.514421196	-0.222791308	-0.573218564	-0.695274052	-0.078922755
2	-0.08071546	-0.192086463	-0.107341975	-0.136205964	-0.150074914	-0.261142936	-0.157143497	-0.328940112	-0.380585234	-0.003484233
2	-0.08789504	-0.077045601	-0.09017531	-0.056842341	-0.062907384	-0.057088798	0.019225909	0.115066374	0.056472158	-0.055069765
2	-0.107338613	-0.248361867	-0.170373989	-0.313460368	-0.218423151	-0.304200504	-0.134216215	-0.247139572	-0.481777392	-0.030104665
0	-0.062683727	0.08884852	0.062745083	0.067481918	0.138243852	0.123486408	-0.044666842	0.098224453	0.137087476	0.030543188
2	0.071593639	-0.059935844	0.090287189	-0.013562976	-0.070119684	-0.148983281	-0.0782885	-0.073702352	-0.253971994	-0.049558612
1	0.020790698	-0.118113218	-0.024936047	-0.001262936	-0.026005847	-0.041812153	0.054546349	0.038769825	0.025737478	0.015844243
2	0.004419092	-0.167675457	-0.15772574	-0.010163134	-0.193825642	-0.247931659	-0.044594798	-0.332818466	-0.159194717	0.091734942
1	0.007192397	0.052936115	-0.006661006	-0.074379033	0.111437306	0.138986088	0.159163488	0.074243917	0.054426775	0.008557432
0	0.138572998	0.135480595	0.200752469	0.236542697	0.445602634	0.271427265	0.237837793	0.291747966	0.42318269	-0.104509826
0	0.068993948	0.543966124	-0.010045995	0.300741594	0.587681008	0.81715253	0.063945339	0.578618586	0.948578588	0.247080238
2	0.014859693	-0.04944901	-0.102919877	-0.131228158	-0.098303235	-0.23334144	-0.027337797	-0.326782455	-0.21170606	-0.0531146
1	-0.000843703	0.101885317	0.05290656	0.055416344	0.177839725	-0.205459308	0.003449402	0.139909837	0.234989266	-0.033237409
2	-0.150124183	-0.223779031	0.018737553	-0.156450917	-0.454141291	-0.380719867	-0.109087781	-0.297566966	-0.510077304	-0.057886709
2	0.058065744	0.093599724	-0.037553461	-0.095518769	0.084449077	-0.100046902	0.065336819	0.121512628	0.007420155	0.149272759
1	0.025715944	0.060855651	0.054262748	0.087668587	0.015391726	0.204131948	0.026999105	0.124763563	0.076358789	-0.094046787
1	0.043378627	0.287610826	0.135068083	0.266728057	0.514647962	0.660206022	0.315106989	0.533555545	0.50528164	0.159470671
2	0.029977137	-0.29713918	-0.035252373	-0.133613263	-0.142549512	-0.2194801	-0.162787846	-0.236187807	-0.278675145	0.022965343
0	-0.079302292	0.165159851	0.069213284	0.084658231	0.191318015	0.128198227	0.039320214	0.267545107	0.247449277	-0.037266305
1	0.028789511	0.158864956	0.040647281	0.135549936	0.03357051	0.141089827	0.117572025	0.071801936	0.356215828	0.095747889
2	-0.125944851	-0.297720009	-0.090446805	-0.10536612	-0.300875142	-0.368943321	-0.166915124	-0.423157808	-0.538934255	-0.059014221
2	-0.082137229	-0.225012617	-0.095213075	-0.091667376	-0.240678388	-0.122520453	-0.193695098	-0.358729142	-0.305521733	-0.057210661
2	-0.021464752	-0.15816777	0.01415393	-0.003515928	-0.255474483	-0.198108815	-0.056697571	-0.070963736	-0.312600812	-0.083558063
1	0.035285149	0.089838007	0.022626811	-0.090303425	-0.06050824	-0.029244654	0.033579311	-0.013583601	0.202523577	-0.016824934
1	-0.073691205	-0.129486586	-0.080814007	-0.037718484	-0.070213592	-0.302198848	-0.124692208	-0.137851711	-0.3975808	-0.092654655
1	-0.012609813	0.028954754	0.028969841	-0.032608275	-0.069116024	0.211741968	0.028735281	-0.052793241	-0.101813853	0.020984621
1	0.004585295	0.036274668	-0.015802644	0.047923245	0.100527403	-0.147046838	-0.017213397	0.071231475	0.065131684	0.016259763
2	-0.018637416	-0.175331351	-0.106715494	-0.138305224	-0.33295027	-0.388213951	-0.067822414	-0.437691501	-0.544175898	-0.037644802
2	0.019063809	-0.030246527	0.114295598	0.045121215	0.000829301	-0.048705704	-0.02409479	-0.010840154	-0.044267534	0.029237761
1	0.002186974	-0.080871722	-0.040577054	0.004725801	-0.046023734	0.032902589	0.001550239	-0.045345193	-0.086632088	0.037916875
0	0.04118677	0.116246439	0.113741372	0.075936284	0.176320396	0.236407115	0.113856668	0.204051107	0.380358232	0.018045166
0	-0.013124136	0.204397623	0.01614612	0.096019785	0.291501225	0.21035544	0.172225402	0.208317649	0.420994424	0.130604851
1	-0.013253523	-0.042236207	0.010956955	-0.030142421	-0.014780477	-0.019211124	0.059054823	-0.044106011	0.021099545	-0.033195714
2	-0.044081196	-0.111086145	-0.015597762	-0.096510723	-0.134866914	-0.130818497	-0.014233258	-0.078384735	-0.235575662	-0.087275621
2	-0.036086774	-0.007015899	0.011877826	0.080081426	-0.018228631	-0.125867147	0.025548873	-0.001036216	-0.118285914	0.012023561
2	0.022175065	-0.0260547	0.012720717	0.03336589	-0.010053121	0.019098999	-0.011349185	-0.08825521	-0.16181329	0.036933626
2	-0.066055672	-0.163826318	-0.048363978	-0.086043816	-0.159103821	-0.154014522	-0.003548486	-0.141719479	-0.349595539	-0.041412854
1	0.027129741	-0.17102191	-0.01779693	-0.038197863	-0.153129387	-0.182608889	-0.095915508	-0.185946203	-0.274870669	-0.062040322
2	-0.058301711	-0.16295936	-0.081655419	-0.187191312	-0.268726613	-0.352615926	-0.199147446	-0.261545589	-0.374647412	-0.012725698
0	0.022310691	0.176776217	0.01375328	-0.010096717	0.233572245	0.154123042	0.055186529	0.142789801	0.155800481	0.065191444
2	-0.09456814	-0.105007826	-0.076782958	-0.014650668	-0.160827187	-0.123009822	-0.094733854	-0.201211663	-0.252747057	-0.077650987
2	0.062950942	-0.082925663	-0.062952841	0.010317781	0.018068978	-0.011284957	0.011443876	-0.034377701	-0.022944293	0.007355561
1	-0.02439787	-0.101301828	-0.04589994	-0.089618064	-0.112309659	-0.286035166	-0.038160707	-0.036901597	-0.132750843	0.024301824
2	-0.068927581	-0.170723334	-0.023534271	-0.101171819	-0.259265677	-0.34473027	-0.075302228	-0.222336736	-0.394269732	-0.059171402
2	-0.068872618	-0.026542937	-0.047846962	-0.001854699	-0.167603473	-0.033542097	-0.117756509	-0.184788694	-0.294221188	-0.003210543
0	0.081721612	0.031025456	0.029347885	-0.030267218	-0.002491449	0.008913848	0.061224113	0.00615812	-0.004285074	0.028641002
1	0.028907145	0.120466519	0.106425646	0.0143538	0.037701998	0.125523112	0.027008636	0.051371123	0.139278113	0.021963472
1	0.020819409	-0.077869738	-0.02940971	-0.046938785	-0.095786571	-0.277087789	-0.035394867	-0.148689041	-0.272919949	0.007311272
2	-0.04668905	-0.124177914	-0.06553464	-0.070280233	-0.208540655	-0.330166578	-0.098271602	-0.198666861	-0.415377733	0.00205452
0	0.037725944	0.23766937	0.046223692	0.071180902	0.377798651	0.335325248	0.119261339	0.332932595	0.373665799	0.102135379
2	-0.051667898	-0.216291576	-0.062973346	0.008451359	-0.268431214	-0.031251539	-0.133610136	-0.150070474	-0.327719815	-0.028373088
1	-0.022146799	0.062062636	-0.051972273	0.059176735	0.074577746	-0.010884957	0.060092961	0.142034289	0.04659506	-0.035205233
1	-0.001205092	-0.074246	-0.054813962	-0.033743565	0.015897841	-0.16316959	0.045019418	-0.026422916	-0.091037936	-0.013275642
2	0.020637782	-0.107834892	-0.102240899	-0.118919246	-0.218014095	-0.184968199	-0.144631084	-0.185832542	-0.35071643	-0.087697442
1	-0.079513883	-0.247594768	-0.048358138	-0.109243306	-0.151435736	-0.209387787	-0.0596033	-0.182882075	-0.197640789	-0.03418346
2	-0.032081272	-0.144870508	-0.062223039	-0.096253401	-0.160179819	-0.091340178	-0.073972524	-0.137351885	-0.183798989	-0.019055129
1	0.082561429	-0.023090041	-0.029774369	-0.019170195	-0.068427658	0.030254449	-0.072645306	0.026358741	-0.043932224	-0.036308979
2	-0.021805622	-0.146485681	-0.047793031	-0.11068606	-0.191878213	-0.231518291	-0.099864589	-0.214566044	-0.226839489	0.018271076
0	0.279934551	0.649131771	0.288520645	0.51013038	0.855671334	0.785842401	0.412847964	0.816456915	1.130935223	0.188364381
1	-0.018512337	0.144441425	0.05473913	0.104484035	0.20690286	0.261867922	0.03523325	0.132439193	0.377812685	-0.033178347
1	-0.024957697	-0.054248775	-0.051234274	0.01533756	0.086252557	-0.001434003	-0.020836603	0.033909143	-0.021497359	0.015937748
2	-0.012650162	-0.11242059	-0.011024874	-0.05458969	-0.07481912	-0.227535367	0.042440258	-0.049089411	-0.155083202	-0.066011176
2	-0.053303634	-0.008202361	-0.006239021	-0.077247894	-0.003137552	-0.160348044	-0.018322	-0.056990582	-0.199971052	-0.056455668
0	0.063593105	0.186535668	0.118333009	0.107881514	0.199193638	0.223650182	0.078629317	0.151146548	0.25759324	0.004660909
2	0.041281699	0.133694701	0.08213935	0.058842567	0.037154429	-0.00255696	0.04906234	0.04031917	0.098146487	0.008491943
1	-0.037445889	-0.042741017	-0.031986717	-0.005034106	0.013817878	-0.118204625	0.034631545	-0.058814759	-0.099837613	-0.001241369
1	-0.016515197	-0.039816027	-0.020100671	-0.008079247	-0.002575524	-0.047261179	0.067581253	-0.002260274	0.130544955	-0.034825499
2	-0.080590846	-0.127613536	-0.053074534	-0.060747985	-0.191327163	-0.097222384	-0.049959781	-0.146191122	-0.083080524	0.03372075
2	-0.042922991	-0.089131982	-0.056765576	-0.120449266	-0.173970873	-0.138111893	-0.085537215	-0.183884109	-0.170399286	0.013466948
1	0.038641694	0.00931612	-0.070520722	0.083807111	-0.032781157	-0.160188879	-0.02923257	0.055407693	0.037926928	0.009113527
0	0.120904048	0.252901772	0.084496023	0.123213088	0.272921751	0.281884021	0.088908613	0.225611202	0.539930637	0.042368257
1	-0.013923295	-0.111383196	-0.042772706	-0.111267302	-0.155008676	-0.234950006	-0.142651024	-0.250190022	-0.229243396	-0.055391715
1	0.105471324	0.352676007	0.192501458	0.258011516	0.407799832	0.288414537	0.234452353	0.512448211	0.684925889	0.070945196
0	0.041560897	0.121223808	0.08055409	0.049902171	0.080891224	0.163443975	0.055696494	0.108187179	0.140173353	-0.009244302
0	0.007604261	0.11716014	0.062249004	0.042571214	-0.024347255	-0.056482026	0.046701157	0.13606278	-0.028119819	0.011721197
2	-0.195932917	-0.084060643	-0.04690178	-0.139672202	-0.17544037	-0.254469683	-0.101348765	-0.19313442	-0.446305383	-0.068974578
1	0.174959784	0.243423817	0.146610722	0.058624526	0.276061386	0.277557537	0.153603558	0.320899319	0.545658583	-0.021372406
2	-0.03192536	0.039205197	-0.07609129	0.011128278	0.054767973	0.190697385	0.095710618	0.006801366	0.239237115	0.047149719
0	0.016750494	0.050411303	-0.016616973	0.0533237	0.090212057	0.248089161	0.026523364	0.052738183	0.312491118	-0.013604668
2	-0.110915376	-0.064192428	-0.02806456	-0.112344684	-0.203920231	-0.258790411	-0.111965821	-0.22385266	-0.237290204	-0.08243844
1	-0.071292673	0.0997594	0.039102883	0.18610382	0.185971669	0.146407002	0.031965858	0.138818378	0.109676836	0.058184031
1	-0.043122633	-0.140974805	-0.027094853	0.005525988	-0.308050476	-0.131054457	-0.073784753	-0.1766033	-0.111580031	-0.029914586
2	-0.051208752	-0.12259478	-0.129780057	-0.050309436	-0.164224713	-0.236674488	-0.122056168	-0.164063768	-0.255075959	-0.036642305
2	-0.064024022	-0.141426729	-0.025948328	-0.107034325	-0.166401721	-0.168604713	-0.108913453	-0.261729895	-0.390785589	-0.005880239
2	-0.10339746	-0.179477127	-0.02093026	-0.128054446	-0.263848704	-0.325176036	-0.115294647	-0.38584758	-0.440548877	-0.150439852
2	-0.046452045	-0.378594768	-0.091294881	-0.172544221	-0.331056707	-0.2481961	-0.147583578	-0.387762245	-0.547285046	-0.041816217
0	0.155737647	0.302711159	0.154284597	0.230915302	0.400813409	0.528968875	0.234952546	0.338938235	0.586626701	0.088519776
1	0.057992427	0.001382693	0.002304422	0.010802378	0.170476605	0.090071386	-0.058411919	0.145256172	0.152361132	-0.009685024
1	0.063507674	0.145063071	0.001352735	0.123423884	0.187093381	0.162935032	0.060570705	0.256244916	0.335918597	0.056103829
1	-0.033425165	-0.050146533	-0.058951603	-0.036485624	-0.014275204	-0.073030893	-0.032455529	-0.121157274	-0.168395342	0.034539399
0	0.001517879	-0.03756456	0.002425434	-0.007869554	0.046396351	0.01409535	-0.000318209	0.158845094	0.16152408	0.014972824
1	0.096954525	0.071335516	0.024565333	-0.017182618	-0.148491184	-0.144822149	-0.005729527	-0.033352538	-0.026578105	-0.033644563
1	-0.000564351	0.008326097	-0.014339263	0.015585312	-0.042893954	-0.109596112	-0.057331932	-0.067356496	0.078849423	-0.002935382
1	-0.001211494	0.011258997	0.098624563	0.029704596	0.259545628	0.11475189	0.024413712	0.067763363	0.294847503	-0.002501254
1	-0.027897847	0.098491433	-0.039586997	-0.016498246	-0.000138775	0.168285012	-0.025880705	0.092954824	0.184013063	-0.004737617
1	-0.003540191	-0.077714457	0.031581089	0.02268015	0.040578046	0.100290561	-0.049287367	0.098402647	-0.007216945	0.082160165
1	0.05644041	0.028066229	0.036786521	0.016722758	0.181180902	0.164375058	0.071480039	0.062407259	0.004657335	0.041246615
1	0.035007645	-0.144699508	0.022453066	0.003479618	-0.16692502	-0.03394089	-0.001091511	-0.103127122	-0.139142489	-0.104587234
1	0.041385159	0.116058411	0.079758436	0.062887914	0.243817611	0.268992002	0.035797401	0.249950643	0.347368868	-0.028452444
2	0.013122713	-0.183894938	-0.058104041	-0.102966646	-0.232852112	-0.076779501	-0.023555938	-0.154589735	-0.220482257	-0.030011479
0	0.137709645	0.269268943	0.197889492	0.233663187	0.515546715	0.410189233	0.24451455	0.551993223	0.599976822	0.05749333
1	-0.013548067	-0.13578084	-0.08076082	-0.114589139	-0.177925144	-0.298278432	-0.06771745	-0.22018859	-0.240982638	0.028583245
0	0.056646514	0.126675964	0.017266955	0.128762294	0.330417499	0.29093723	0.060950522	0.293615515	0.457386844	0.019262995
1	-0.006720704	0.104353916	-0.049486812	-0.049871333	0.12214304	0.083680431	0.016153421	0.055952888	-0.057925194	0.002362376
0	-0.092022239	-0.006296325	0.046114714	-0.013075809	-0.124501142	-0.020599386	-0.005556456	0.01714553	0.089919525	0.014669385
2	0.014043763	-0.025535781	0.009725059	0.114385077	-0.026168201	0.138573471	0.027721987	0.067945728	-0.029572951	-0.023358051
2	-0.012163587	-0.206526339	-0.054018685	-0.154337044	-0.265226658	-0.270654729	-0.089542371	-0.263160369	-0.301310368	-0.041664312
2	0.006556691	-0.070160463	-0.035100233	-0.106851783	-0.150782046	0.063280596	0.002161877	-0.068579532	-0.135830293	-0.012187638
1	0.012184405	-0.057785689	-0.02949464	-0.095396357	0.099110853	-0.046159496	0.012735719	-0.040723536	-0.058291641	0.002277152
2	-0.085102997	-0.294647578	-0.050037311	-0.1128748	-0.183058883	-0.261548247	-0.199375369	-0.207446843	-0.376617496	-0.028773567
2	-0.072223401	-0.097461631	-0.081998752	-0.106224532	-0.293014758	-0.314842776	-0.13726505	-0.208418283	-0.413166102	-0.061868266
2	-0.063374082	-0.055151326	-0.049455535	-0.086835822	-0.073343761	0.025884307	-0.096446221	-0.06060572	-0.212539139	0.015666478
2	-0.004812724	-0.105827999	-0.037791621	-0.089851499	-0.122775967	-0.240749498	-0.102833983	-0.277313362	-0.210394357	-0.050955851
0	0.027089024	0.2376266	0.166585618	0.130380759	0.211974299	0.33807602	0.026922151	0.276373773	0.542207699	0.069287264
0	0.051304786	0.16056285	0.083508401	0.162888211	0.217362368	0.354201821	0.198918127	0.096232161	0.265888858	0.118380769
2	-0.046586821	0.043516042	-0.017508597	0.032122459	0.097260041	0.34167129	0.087338827	0.092985332	0.150634971	-0.034476337
2	-0.041302464	-0.026681176	0.014849435	0.013963174	-0.01064112	0.007252533	0.014468706	-0.014159461	-0.035422199	-0.014481147
2	0.034737187	-0.113739735	0.026258858	0.026026929	-0.072970211	-0.081993356	0.023522475	-0.112076224	-0.03079763	-0.022311065
1	-0.041644006	0.007210287	-0.065873623	-0.08333649	-0.046644256	-0.228000133	-0.015130197	-0.165822405	-0.119110837	0.038785933
1	0.030906885	0.071748018	0.03235402	0.04552911	0.101360297	0.116108013	0.071633359	0.208758422	0.374818505	0.020242332
2	-0.028475039	-0.086344288	-0.045996151	-0.117555006	-0.207542223	-0.119507362	-0.111587379	-0.22716688	-0.383020532	-0.074727938
2	-0.060265584	-0.083530619	-0.04268761	-0.103030625	-0.076895319	-0.045693656	-0.055274033	-0.145181826	-0.135694188	-0.020300162
1	-0.00155628	0.009447084	0.020566574	0.013899589	-0.003982262	0.030394722	0.008659675	0.079915926	0.101087381	0.003265246
1	0.013286905	0.0963019	0.086987353	0.095596289	0.163716589	0.183336428	0.054358355	0.289411243	0.241432161	-0.018707568
1	-0.028744849	-0.124438297	-0.117717944	-0.095611511	-0.187806699	-0.262332457	-0.117579901	-0.148151608	-0.180426606	-0.08771982
2	-0.007508672	-0.05564004	-0.158036846	-0.205120989	-0.295734722	-0.391169789	-0.096833063	-0.254230681	-0.518724402	-0.147758129
2	0.073207152	-0.011985489	0.030813958	0.048425278	0.037298974	0.114717383	0.016385134	0.140767904	0.117358072	0.045002227
2	0.004428572	0.01872798	-0.061284339	-0.032257351	-0.107040718	-0.092253969	-0.057721261	-0.08646685	-0.124059872	-0.02585059
2	-0.076128944	-0.156351701	-0.078092246	-0.137417205	-0.162762664	-0.188159557	-0.073353527	-0.115932583	-0.057791963	-0.023301533
2	-0.004886926	-0.108806498	0.038765769	-0.089770577	-0.174610915	-0.323996338	0.005937908	-0.161313942	-0.190521183	-0.046665921
2	-0.012905624	-0.148566107	-0.07651575	-0.139717558	-0.175129901	-0.266244237	-0.134803701	-0.359297431	-0.338141933	-0.028343182
0	0.118264556	0.155769596	0.030048328	-0.011071442	0.185084189	0.101501968	0.157364395	0.203433593	0.152281777	0.021254954
0	0.030990144	0.248243073	-0.02605612	-0.014215782	0.05370088	0.105179304	0.030715148	0.144511585	0.243796973	0.018843021
1	-0.035471391	-0.055615166	-0.035990911	-0.083791721	-0.096462787	-0.049591971	-0.053638571	-0.011332381	-0.098955907	-0.028279353
1	0.071415089	0.138167562	0.182590535	0.131309875	0.260190137	0.263902897	0.048479127	0.233240434	0.335401555	0.077609807
1	-0.109745089	-0.026288225	0.063799423	-0.029151353	-0.082441947	0.037103009	0.036906079	-0.08651477	-0.122249808	0.035159553
2	-0.04082408	-0.022011532	-0.038569925	-0.05127039	-0.046970642	-0.14483566	-0.086893059	-0.020017427	-0.201452755	-0.014692092
1	0.064228655	0.246772357	0.046404014	0.148436024	0.200386738	0.18872664	0.024862065	0.2059739	0.359052549	0.084058538
1	-0.007017894	0.097374341	0.004420766	0.028970056	0.121032064	0.050418438	0.009242723	0.131566529	0.097755989	0.036175808
1	0.076945834	0.263543998	0.105181654	0.164601488	0.339629699	0.371742042	0.123328735	0.301562312	0.573580825	0.031818929
1	0.048111169	-0.122890913	0.050587235	0.099139944	0.188092726	0.051660147	0.02103464	0.099189881	0.124199828	-0.028659783
0	0.087026447	0.122859491	-0.022827431	0.191032961	0.188354518	0.08669827	0.17511046	0.181452785	0.220111821	-0.013998626
2	-0.023694509	-0.019798286	-0.081773776	-0.102458929	-0.078002691	-0.069772836	-0.069630081	-0.115870906	-0.192223797	-0.102870765
1	0.037363887	0.10574269	-0.026191444	0.044662149	0.229220298	0.174039185	0.055221235	0.137233641	0.275023208	0.05384415
1	0.004182028	-0.024987733	-0.023997536	0.008889092	-0.118629557	-0.04355948	-0.039960847	-0.049394104	0.006031442	-0.003028367
1	0.004962107	-0.008458176	-0.074691289	0.055821273	-0.164124935	-0.114839854	0.044690218	0.05042007	-0.044348548	0.035486786
0	-0.009694736	0.046506684	0.01752617	0.009189227	0.075998878	0.171552338	0.01619426	0.059316981	0.086275831	0.043293761
0	0.061151533	0.063937227	0.013526705	-0.0270091	0.02580422	0.104794379	-0.133044152	0.030449968	0.036278079	-0.014997932
2	-0.104485212	-0.148606453	-0.054217483	-0.164123415	-0.328017709	-0.354432886	-0.152369121	-0.409085236	-0.571330807	-0.059753774
1	0.087794444	0.207396157	0.14636788	0.077454159	0.454523369	0.309175435	0.133343974	0.223402403	0.29873455	0.026656463
2	-0.064810774	0.062803625	0.028674427	0.029271349	-0.088884397	0.052455101	0.013473477	-0.088912261	-0.1986746	-0.037489985
1	-0.043215254	-0.069603336	0.044963172	-0.058777529	-0.182886384	-0.114215714	-0.071802837	-0.160494783	-0.309738258	-0.036231002
0	0.008908229	-0.069454125	-0.05099285	0.032490328	-0.207187707	-0.271879485	-0.100194198	-0.218598947	-0.142178357	-0.042145247
0	-0.136090831	-0.211431174	0.027067094	-0.151918347	-0.118322726	-0.036637231	-0.071317124	-0.237222054	-0.328329841	-0.049020805
1	0.150094424	0.332782566	0.166016301	0.195661592	0.323061744	0.247631741	0.179420387	0.350766109	0.405053509	0.113092947
0	0.078439369	0.122329583	-0.001904556	-0.025880535	0.169928805	0.142249958	0.096419552	0.197709238	0.258400444	0.049078657
1	0.037768959	-0.039506349	-0.128267715	0.04793255	-0.158032701	-0.163350812	0.01584102	-0.157561172	-0.106148056	0.08378186
2	-0.035494682	-0.173837174	-0.102299977	-0.003614806	-0.185695223	-0.235268597	-0.080704466	-0.181947249	-0.290775048	-0.106231962
1	0.064671259	0.198653826	0.126575975	0.164494937	0.351506175	0.316858062	0.08514382	0.179872224	0.404922988	0.154856858
0	0.073654119	0.11700687	0.067407669	0.024613533	0.138643516	0.37060163	0.094881779	0.148841369	0.408257559	0.025777104
1	-0.125689966	-0.250232589	-0.232453957	-0.256381238	-0.321040985	-0.363073155	-0.192123986	-0.483709389	-0.512817674	-0.052729947
2	-0.032492492	-0.049437151	-0.022438742	-0.023217286	-0.105568425	-0.1161066	-0.011611387	-0.084688904	-0.085502042	-0.020639595
0	-0.023527066	0.056962083	0.125892239	0.071865857	0.188395496	0.258555966	-0.030865224	0.095258809	0.205008358	0.035671293
2	-0.140995492	-0.168182342	-0.09083506	-0.148410684	-0.164858662	-0.206299763	-0.028303843	-0.344088933	-0.340534839	-0.111115942
2	-0.142186566	-0.218291517	-0.089961003	-0.197612314	-0.440249185	-0.441988671	-0.139901069	-0.42689663	-0.679082729	-0.114641638
0	-0.013085335	0.019107075	0.218523222	0.118662757	0.15699845	0.15418165	0.161267052	0.430025938	0.503720435	0.0805279
1	-0.048083373	0.132895357	-0.037913986	-0.029041216	0.215486004	0.227430419	-0.030436416	0.029487414	0.374925691	-0.015704396
2	0.111214386	-0.21890754	-0.110225078	-0.064698306	-0.219083653	-0.178437013	0.066599897	-0.237692937	-0.381931469	-0.062331603
0	0.029677732	0.344302531	0.111823471	0.215925553	0.380761279	0.340687032	0.190751676	0.372186915	0.533254086	0.061070016
1	0.032559503	0.284072331	0.140414287	0.212068135	0.225272264	0.446694673	0.171955603	0.331803128	0.525910803	0.087713689
2	-0.063965368	-0.147391184	-0.133300327	-0.119817981	-0.223630076	-0.319167953	-0.133955457	-0.398020196	-0.439509502	-0.060602555
1	0.014983621	0.089040893	0.065151869	0.112212103	0.082932374	0.148504084	0.100273823	0.06847871	0.204671581	-0.006059175
0	-0.016768639	-0.0437206	0.001134239	-0.089866746	-0.226632492	-0.145747583	-0.088552277	-0.179875188	-0.298539813	-0.059200286
1	0.053072599	0.093677893	0.066679453	0.129434294	0.258501873	0.333100987	0.267177671	0.200815326	0.287459986	0.039394641
0	-0.016044755	0.072081401	0.059502397	0.033003004	-0.024666271	-0.091659047	0.007515973	0.07587568	0.122250598	0.079259295
1	0.006497636	-0.142176272	0.034811886	-0.066024143	-0.192180875	-0.010157053	-0.024483116	-0.064441738	-0.142278714	-0.040204936
1	-0.070660923	-0.048503328	-0.048012375	-0.056394799	-0.141942455	-0.019505899	-0.043187132	-0.046494931	-0.309778281	-0.013081694
1	-7.00E-05	0.081980364	0.048424977	0.205547544	0.1559031	0.212981692	-0.007519256	0.260525033	0.125300463	0.036156631
1	0.06184939	0.234832302	0.013968542	0.249996666	0.468586155	0.436433612	0.093251085	0.28019707	0.563352027	0.07476839
1	-0.000442783	-0.064559042	0.020251713	-0.016734351	0.034109591	-0.050799929	0.066595179	0.157129214	0.209249328	0.06651714
2	-0.04048834	-0.106213807	-0.032206222	-0.055498724	-0.185297572	-0.242848697	-0.061753256	-0.217401862	-0.366742818	-0.036252256
0	0.033045175	0.195651658	0.046112747	0.171138908	0.323944041	0.159379838	0.076890655	0.397840496	0.454740062	0.027801586
1	-0.017792865	-0.028404986	0.003932699	0.045183514	0.05504563	0.053474675	0.039258356	0.082172264	0.196177018	-0.040578303
1	-0.001443515	-0.111076354	-0.007701755	-0.031975119	-0.091399462	-0.156600539	-0.002517885	-0.11639034	-0.140559314	-0.05469246
0	0.001056959	0.122150037	0.01714949	0.047918276	0.119567494	0.151472674	0.107616641	0.17952779	0.25768923	-0.064119961
1	0.002292154	-0.01052857	0.008371428	0.009686545	0.031472889	0.061384634	-0.01761978	-0.008394292	0.11376608	0.003001877
1	-0.026165592	-0.063007942	-0.053942849	-0.007406086	-0.164666115	-0.156104636	-0.056383687	-0.184962212	-0.204563258	0.015503343
1	-0.066470413	-0.165116882	-0.093268671	-0.133086527	-0.09573033	-0.117821501	-0.125639881	-0.130384635	-0.348414857	0.004172304
1	0.044338459	0.072291908	0.089205621	0.190575068	0.213898175	0.156419965	0.064756399	0.173180799	0.460132878	-0.026407811
0	0.123688921	0.225214996	-0.039675343	0.133673265	0.044936878	0.22431256	0.238885172	0.236775121	0.3282092	0.030481002
2	-0.038593958	-0.19294137	-0.049392792	-0.136774068	-0.351347477	-0.2355104	-0.163027514	-0.21489459	-0.46053713	-0.064591175
1	0.034390852	-0.082296429	-0.003466762	-0.000368387	0.031597558	0.024246849	0.0685931	0.001160654	0.149161375	-0.003494393