geno	resid	resid.DRD3	resid.SNORD85	resid.FAM169B	resid.JADE1	resid.PDHA2
0	-0.045944889	-0.027203263	-0.134473352	0.001437483	-0.046832213	-0.046832213
0	-0.426733097	-0.215677912	-0.06607875	-0.000300824	-0.104914244	-0.104914244
1	0.162277747	0.227304387	0.06637961	0.035058542	0.06552299	0.06552299
0	0.176522564	0.051613927	0.225046092	0.004277234	-0.026023852	-0.026023852
0	0.143270435	0.060999872	-0.039287251	0.042061801	0.060560371	0.060560371
0	-0.294655723	-0.266145022	-0.076430011	-0.01021726	0.018036202	0.018036202
0	-0.077729037	0.084197933	0.004313996	-0.035631784	-0.160790222	-0.160790222
0	-0.053812021	-0.15284962	-0.022018399	-0.036531464	-0.083768446	-0.083768446
0	-0.124784382	0.073328398	0.010577744	-0.027610242	0.067400254	0.067400254
0	-0.216075587	-0.201947518	0.001793992	-0.017903836	-0.020949595	-0.020949595
0	-0.273589848	-0.015388981	-0.00153165	0.013073858	0.022228416	0.022228416
0	-0.130031948	-0.053650818	-0.079966354	-0.01796513	-0.005766343	-0.005766343
2	0.226546178	0.431786065	0.235932398	0.065860953	0.058939883	0.058939883
0	-0.002334382	-0.121844109	0.011544539	0.007987982	0.004498396	0.004498396
0	-0.14209939	0.035544939	-0.056762244	0.0393969	-0.11469663	-0.11469663
0	-0.106246568	-0.03975281	0.084034883	0.063825667	-0.016406175	-0.016406175
0	-0.196904649	0.046364592	-0.078143972	0.010445496	0.057040879	0.057040879
0	0.298336947	-0.17913435	0.015894821	-0.052367633	-0.046270814	-0.046270814
0	0.170622621	0.028903787	-0.092068181	-0.019321296	-0.046364531	-0.046364531
0	0.034905827	-0.052584154	-0.009483069	-0.010771599	0.003960952	0.003960952
0	0.123056354	-0.105929167	-0.047642491	-0.011563075	0.121083679	0.121083679
1	0.154890281	0.04397523	0.060254496	0.024487877	0.026038749	0.026038749
0	0.057481247	-0.114934787	-0.078147039	-0.020186537	0.010155947	0.010155947
0	-0.04320011	-0.12782276	-0.064155694	-0.061414779	-0.058128355	-0.058128355
0	-0.085589204	0.027637426	0.149602171	-0.004748014	0.059730166	0.059730166
0	-0.072027978	-0.018718787	0.066624059	-0.009568582	-0.007673038	-0.007673038
0	-0.081803146	0.068860327	0.063644882	-0.014418551	-0.034516805	-0.034516805
0	-0.045666947	0.025291907	-0.006707125	-0.016599969	-0.076256026	-0.076256026
0	-0.12026595	0.104210333	0.147886967	-0.001604858	-0.017777511	-0.017777511
0	0.081897287	-0.074039507	0.015064996	0.005921622	0.114599176	0.114599176
0	-0.171611315	0.005417674	-0.087531034	-0.011798215	0.032095053	0.032095053
0	0.072558672	-0.017076276	-0.033937723	-0.015629621	0.063379916	0.063379916
0	-0.007706528	0.033057334	-0.041195247	0.00689995	0.070342135	0.070342135
0	0.005104111	-0.124355607	-0.115239615	-0.037072006	-0.021378609	-0.021378609
0	0.055022854	0.086095493	0.096404499	0.013434128	0.040114818	0.040114818
0	0.1494273	-0.144227975	0.077538215	-0.015482009	-0.041197941	-0.041197941
0	0.114580305	0.085951972	-0.042699415	-0.037439781	-0.038676026	-0.038676026
0	-0.001170864	0.007118573	0.013655672	-0.016034359	-0.135023369	-0.135023369
0	-0.067840239	0.09128809	0.031579582	-0.068111579	-0.003594217	-0.003594217
0	-0.100825694	-0.045854367	-0.085654234	0.00452211	0.064076174	0.064076174
1	0.065115545	0.014128726	0.048891536	-0.003308194	0.050145119	0.050145119
0	0.051705103	0.107028298	-0.065997453	-0.003537492	0.091499583	0.091499583
1	0.018895201	0.132887295	0.088911319	0.018319536	-0.051690376	-0.051690376
0	0.240972132	0.057802247	-0.013054952	-0.013739217	-0.079440543	-0.079440543
0	0.014059994	-0.035120889	0.014729601	-0.029835509	0.096240666	0.096240666
1	0.390714223	0.029280182	0.0199638	0.00218323	0.00944853	0.00944853
0	-0.143206277	-0.153875873	0.014677978	-0.01261235	-0.040004852	-0.040004852
0	0.019762895	-0.084091269	-0.044059479	-0.004122076	0.101776867	0.101776867
1	0.209702727	0.156080949	0.045565962	-0.00272897	0.241018346	0.241018346
0	-0.184826802	-0.041769865	0.010470855	0.044639382	0.013171342	0.013171342
0	0.272613235	-0.021029965	-0.006722015	0.028959364	0.02177233	0.02177233
0	-0.025923544	-0.026120859	-0.132139133	0.077633354	-0.103208496	-0.103208496
0	0.030044169	0.158145863	0.055142074	-0.006738041	-0.035693439	-0.035693439
1	0.013631134	0.215835424	0.015125257	0.02265386	0.105058122	0.105058122
0	0.079460558	-0.064659471	0.10383907	-0.116558425	0.021388816	0.021388816
0	-0.0783876	-0.033128357	-0.068275962	-0.056999363	-0.112937786	-0.112937786
0	0.094083823	0.098916135	-0.025998167	-0.018108113	-0.081712509	-0.081712509
0	-0.040350019	-0.132333885	-0.011026881	-0.056719716	-0.131186174	-0.131186174
0	-0.049082208	-0.120623578	-0.049301393	-0.008534877	-0.076118216	-0.076118216
0	0.010690614	-0.08327854	0.040763443	0.011232149	-0.013178114	-0.013178114
0	-0.128647485	0.101839961	0.007118071	0.076198826	-0.093491105	-0.093491105
0	0.00671804	-0.114837527	0.023258805	0.053849721	0.00365443	0.00365443
0	-0.222244518	-0.095242921	0.018605895	-0.030621405	0.167302144	0.167302144
0	-0.208888071	-0.115731703	-0.054972778	-0.015138448	0.063059916	0.063059916
0	-0.021234574	-0.014073274	0.066438282	0.016771157	0.061688098	0.061688098
0	0.049257284	0.044192022	0.02471741	0.065167427	0.183503576	0.183503576
0	0.057084492	-0.001036144	0.007601019	0.0095435	0.122620974	0.122620974
0	-0.210305896	0.079748014	0.020790433	-0.011904159	-0.050159162	-0.050159162
0	0.100421924	0.181710799	0.054322652	-0.046442018	0.113249116	0.113249116
0	-0.001272488	-0.001143769	-0.04538277	-0.006509517	0.039403505	0.039403505
1	0.235812372	0.467959981	0.011490342	0.048841812	0.095855032	0.095855032
0	0.048308556	0.088649303	0.05820251	-0.011928759	-0.104048663	-0.104048663
0	0.066044224	-0.185834149	-0.080914161	-0.020525141	0.036455316	0.036455316
0	0.0122651	-0.0836717	-0.001415872	0.062105048	0.019839792	0.019839792
0	-0.102229955	0.13907513	-0.037369632	-0.033830128	0.022126888	0.022126888
1	0.048188195	0.156159565	0.102494217	0.106316229	0.004820861	0.004820861
0	0.026768419	-0.109409037	-0.036045951	-0.02052283	0.008729688	0.008729688
1	-0.010657295	0.096776513	0.114046493	0.000304738	-0.009630513	-0.009630513
0	-0.631045874	-0.254136289	-0.05673158	-0.042985662	0.000579703	0.000579703
0	-0.13969627	-0.117207419	0.03345725	0.057101547	0.017808572	0.017808572
0	-0.140394385	-0.072102396	-0.094667357	-0.07262325	-0.063105089	-0.063105089
0	-0.181710325	0.238582149	-0.018095179	-0.00827563	0.025106151	0.025106151
0	-0.075110961	0.06942619	0.082332284	-0.017888944	0.005853006	0.005853006
0	-0.370349352	-0.174021743	-0.109385322	-0.027670138	-0.045681053	-0.045681053
0	-0.315032811	0.113580461	0.006180136	-0.0011913	-0.035812093	-0.035812093
1	0.515448508	0.194855093	0.104932352	0.00760485	0.158708641	0.158708641
0	-0.505851095	0.045216089	0.068795229	-0.045916429	0.175914767	0.175914767
0	-0.210989069	-0.080634581	-0.005457194	-0.035193092	-0.042348901	-0.042348901
1	0.74547365	0.445293622	0.242126159	0.054518646	0.215322475	0.215322475
0	-0.258227838	-0.19292785	-0.132616284	-0.0232808	-0.09791144	-0.09791144
0	-0.157982862	0.096003047	0.060082567	0.010954269	-0.025239556	-0.025239556
0	-0.145328367	-0.099467938	-0.051974609	-0.021103135	-0.042964817	-0.042964817
0	-0.218159367	0.081337606	-0.00147135	-0.016499355	-0.025795039	-0.025795039
0	-0.321014747	0.055823235	0.005501527	0.065442814	0.107917398	0.107917398
2	0.940905713	0.512963419	0.260804515	0.095195072	0.291020552	0.291020552
0	-0.140500688	-0.015542646	0.060501614	-0.036903327	0.053660452	0.053660452
0	-0.148412745	0.002322559	-0.030325009	-0.001879367	-0.012005503	-0.012005503
0	-0.074996413	0.21699564	0.062838975	-0.016467378	-0.017396271	-0.017396271
0	-0.252731547	-0.216505506	-0.063203717	0.0151204	-0.014284271	-0.014284271
0	-0.105496664	-0.10930994	-0.058587144	0.036145846	-0.012190302	-0.012190302
0	-0.008761268	-0.038080175	0.04279606	-0.017996649	0.00465178	0.00465178
0	0.10888462	0.032587592	0.001914643	-0.005520878	-0.010352692	-0.010352692
0	-0.04698106	0.041143795	0.083001504	0.016402664	0.035541581	0.035541581
0	0.295808136	0.092216341	0.043143803	-0.002479714	0.135870433	0.135870433
0	-0.387321631	-0.093906605	-0.053691459	-0.006700948	-0.021078143	-0.021078143
1	0.697762034	0.180901564	0.045617852	0.114459279	0.174816697	0.174816697
0	0.060264945	0.033430132	0.00568861	-0.053817947	-0.050893349	-0.050893349
0	-0.240157026	-0.04410272	-0.005314124	-0.002685032	-0.073524952	-0.073524952
0	0.008080564	-0.028628145	0.020459056	-0.015900153	0.005690921	0.005690921
0	0.178684613	-0.030492205	0.001236219	0.014261568	-0.012211817	-0.012211817
0	-0.059117199	-0.014115521	-0.042293713	-0.04708056	-0.003486678	-0.003486678
0	-0.157724382	0.035111506	0.016951453	-0.035491763	-0.075839055	-0.075839055
0	-0.095656819	-0.060351802	0.022697035	0.009116172	0.1514031	0.1514031
0	-0.165867092	-0.025523016	-0.028536702	-0.028755647	-0.024764619	-0.024764619
0	-0.257117696	-0.258710086	-0.156078281	0.053025005	-0.101412263	-0.101412263
0	-0.155616667	-0.029591616	0.019662833	0.052311872	0.070529406	0.070529406
0	-0.123548235	0.047489337	-0.010893517	-0.018105264	0.067066952	0.067066952
0	-0.100277604	-0.07331508	-0.066433528	-0.020867013	-0.107684709	-0.107684709
0	-0.183389814	-0.015524344	0.010451949	-0.047314268	-0.057157341	-0.057157341
0	-0.264669757	-0.117657	-0.116285312	-0.005169792	-0.012933657	-0.012933657
0	-0.075486153	-0.14594434	-0.037331625	-0.035653676	-0.014376394	-0.014376394
0	-0.371703639	-0.219847834	-0.118029369	0.015953739	-0.069702707	-0.069702707
0	-0.120519399	0.033196468	0.064099147	-0.020406786	-0.05056229	-0.05056229
0	0.144580346	0.067000121	0.053276735	-0.029720638	0.033752418	0.033752418
0	-0.206202341	-0.060939936	-0.044073116	-0.022910602	-0.091451787	-0.091451787
1	0.107985321	0.037064586	0.082854663	0.054222297	0.039322748	0.039322748
0	-0.176797486	0.057248569	0.049347382	-0.042170846	0.025046482	0.025046482
0	-0.245377533	-0.090949963	-0.027106025	-0.039188546	-0.098902825	-0.098902825
0	0.167091424	0.075681721	0.007151214	0.02090778	-0.008506491	-0.008506491
1	0.291640183	0.175556416	0.143122099	0.00906284	0.072385109	0.072385109
0	0.081978183	-0.033411683	0.006985508	-0.063965088	-0.00693894	-0.00693894
0	-0.138383105	-0.149694742	-0.066415596	-0.043951029	-0.148613866	-0.148613866
0	-0.064783581	-0.03465353	0.014255888	0.031018352	-0.03252735	-0.03252735
0	-0.205148447	-0.323493139	-0.073317397	0.030233172	-0.079019725	-0.079019725
1	0.258031121	0.300558466	0.115729391	0.012194977	0.121871807	0.121871807
0	0.255366261	-0.102438563	-0.007978503	-0.075111832	-0.16524975	-0.16524975
0	-0.397915548	-0.026659668	-0.095876495	0.004946641	0.009738053	0.009738053
0	-0.184992291	-0.159913014	-0.043789094	-0.01070215	-0.066025167	-0.066025167
0	-0.267531475	-0.077824561	-0.047502904	-0.027952938	-0.119627716	-0.119627716
0	-0.176361403	-0.08068592	-0.096737074	-0.004703967	-0.016187478	-0.016187478
0	-0.039902675	-0.146415184	-0.107194042	0.073261851	-0.064557449	-0.064557449
1	0.322382549	0.00801511	0.015787138	0.088687175	0.010305903	0.010305903
0	-0.090007683	-0.042365642	0.003815267	-0.06197902	-0.024017641	-0.024017641
0	-0.074243845	-0.08933988	-0.030831153	-0.091469676	-0.063903157	-0.063903157
0	0.302167212	-0.093888245	-0.163528313	-0.041587759	-0.16661385	-0.16661385
1	0.060364608	0.2509028	0.068249029	0.04847359	-0.002425444	-0.002425444
1	0.51892675	0.129604521	0.056622322	0.078461161	0.050853544	0.050853544
0	-0.333456172	-0.138989667	-0.012197632	0.038215701	-0.046602969	-0.046602969
1	0.965396164	0.096931177	-0.023716631	0.195484405	-0.01052127	-0.01052127
0	-0.118077379	-0.107679201	-0.024444007	-0.011600408	-0.071419785	-0.071419785
0	-0.254270343	0.006932222	0.095787372	0.006094757	0.052800061	0.052800061
0	-0.160982756	-0.005263304	-0.101488217	-0.083774102	-0.055688169	-0.055688169
1	0.279193475	0.115556669	0.019967339	0.030701287	-0.00993463	-0.00993463
0	-0.286235197	-0.059951042	-0.064670376	0.029898977	-0.027195505	-0.027195505
0	-0.217127257	-0.024631625	0.006299498	0.052954786	-0.07300655	-0.07300655
0	0.104137412	-0.16996917	-0.021565691	-0.01424808	0.009812448	0.009812448
2	1.169211841	0.393309398	0.267877599	0.085596233	0.203815861	0.203815861
1	0.719355082	0.187581177	0.041249516	0.132958156	0.113967712	0.113967712
0	0.032787645	-0.078292943	-0.04965067	-0.032339304	-0.043414758	-0.043414758
0	-0.266774159	-0.109701087	-0.064749682	-0.125727243	-0.003695683	-0.003695683
0	0.134355583	0.018469002	0.013971983	-0.049734542	-0.030945738	-0.030945738
0	0.20356155	-0.127433052	-0.075363293	0.010234432	0.013005422	0.013005422
0	0.210846852	-0.065056217	-0.056482591	-0.015233349	0.090883936	0.090883936
0	0.16932797	0.431940292	0.124098716	-0.011718334	0.238399458	0.238399458
0	-0.082055084	0.107168888	0.023973286	0.041737392	-0.036880921	-0.036880921
0	-0.241246917	-0.184578057	-0.132200182	-0.055919126	-0.119879706	-0.119879706
0	0.12316741	-0.080238872	-0.107126065	0.017449477	-0.03411909	-0.03411909
0	-0.096132841	0.007842262	0.015118543	0.024841167	0.013171488	0.013171488
0	-0.074633606	0.00791297	0.045846655	-0.025665656	-0.078483716	-0.078483716
0	-0.237935362	-0.098777175	-0.091059625	0.005046235	-0.039204414	-0.039204414
0	-0.136352947	-0.086419907	-0.002037977	-0.022343407	0.016711269	0.016711269
0	-0.258441732	-0.076219365	-0.088055325	0.009015219	-0.056210057	-0.056210057
0	-0.42523975	-0.085420854	-0.002950464	-0.032324979	-0.044194704	-0.044194704
0	0.013122475	-0.031896339	-0.027105365	0.02726183	-0.006328866	-0.006328866
0	0.256184343	0.095095765	-0.052665624	0.012083211	0.054625222	0.054625222
0	-0.182149743	-0.08427477	0.007203586	-0.027327674	-0.058549188	-0.058549188
0	-0.11513721	-0.006327159	-0.015895964	-0.058466043	-0.048663582	-0.048663582
0	-0.244232646	-0.154383004	-0.092687501	0.026779446	-0.120899264	-0.120899264
0	-0.133417533	-0.092642189	-0.014588955	-0.001096724	0.019111793	0.019111793
0	-0.48963539	0.030603376	0.015368048	-0.032735763	-0.022091856	-0.022091856
1	0.975170936	0.571338607	0.45963777	0.044605726	0.274235748	0.274235748
0	-0.393102244	0.342804577	0.027697037	-0.070222641	0.089832122	0.089832122
0	-0.085718653	-0.016026135	-0.010975389	0.026464019	-0.01030249	-0.01030249
0	-0.122267807	-0.02201632	-0.071353532	-0.038856801	0.036441704	0.036441704
0	-0.116347254	-0.170978965	0.055075066	0.004926974	-0.117908863	-0.117908863
1	0.310712563	0.245803138	0.30511879	0.045307386	0.305336267	0.305336267
0	-0.310148693	-0.067899924	-0.054752575	0.021014583	-0.165689466	-0.165689466
0	0.021549714	-0.085771525	-0.000133184	-0.045961287	-0.106389275	-0.106389275
0	-0.103162424	0.006660536	-0.006633129	0.021424001	-0.05990832	-0.05990832
0	-0.166844902	-0.203439247	-0.123233983	-0.015120536	-0.131768932	-0.131768932
0	0.095512036	-0.017268827	-0.100545958	0.028169844	-0.025028046	-0.025028046
0	-0.325441389	-0.138088707	-0.047828689	0.035628533	-0.020203008	-0.020203008
0	-0.370521246	-0.125739785	-0.109904667	-0.065176555	-0.067607331	-0.067607331
0	-0.398480522	-0.277029053	-0.086861416	-0.046876948	-0.000703763	-0.000703763
0	-0.150456555	-0.081203302	-0.087540974	-0.005234009	-0.009997005	-0.009997005
2	1.14534872	0.52048965	0.130867708	0.035279359	0.290373598	0.290373598
1	0.693763103	0.240634778	0.184558296	0.07089321	0.165203273	0.165203273
1	0.816733082	0.543674725	0.256604737	0.031857372	0.310650495	0.310650495
0	-0.366662111	-0.142572673	-0.049910226	0.005749184	-0.084379956	-0.084379956
1	0.529379112	0.353010893	0.143714654	-0.046623043	0.145087645	0.145087645
0	-0.049735192	-0.06173099	-0.010024334	-0.108807135	-0.084022231	-0.084022231
0	-0.268614827	-0.121041343	-0.106642143	0.022007762	-0.06599625	-0.06599625
0	-0.113167851	0.086996745	-0.037843801	-0.00038537	-0.053583726	-0.053583726
0	-0.220784713	-0.227930344	-0.036095638	-0.037122188	-0.096177487	-0.096177487
0	-0.021594084	-0.069585247	0.079554127	-0.00124699	0.133660701	0.133660701
0	0.178846985	-0.204944773	-0.111051293	-0.015692937	-0.20784144	-0.20784144
0	-0.073697941	-0.053317304	-0.041661028	0.048098709	-0.073930821	-0.073930821
0	0.451258887	-0.057363949	0.030114175	-0.007639838	-0.031124981	-0.031124981
1	0.745535848	0.32633296	0.241719759	0.023023668	0.27391074	0.27391074
0	0.067528842	0.011092721	0.053955356	-0.067138623	0.024626077	0.024626077
0	-0.209249466	-0.234965262	-0.071505552	-0.02709087	-0.07421187	-0.07421187
0	-0.239971775	-0.089124835	0.038490199	-0.02099842	-0.151808193	-0.151808193
0	-0.09522407	-0.279049358	-0.123209278	-0.08411896	-0.132498198	-0.132498198
0	-0.146018604	-0.155285611	-0.124379254	0.028541285	-0.151805935	-0.151805935
0	-0.385771569	-0.205953413	-0.084051511	-0.034743651	-0.089233941	-0.089233941
0	-0.096979422	-0.219195666	-0.081764614	0.02182606	-0.079453983	-0.079453983
0	-0.041933681	0.044151417	0.063603626	-0.016548201	0.043222358	0.043222358
0	-0.006540177	0.070774499	-0.051695493	-0.001023679	0.042693474	0.042693474
0	-0.21983834	-0.123910225	-0.083431261	-0.014571626	-0.079338711	-0.079338711
0	0.226257628	-0.045606135	-0.101679732	-0.003841697	-0.131191973	-0.131191973
0	0.161523188	-0.145901598	0.039623052	-0.004157278	0.086190923	0.086190923
0	0.111618784	-0.104723438	-0.073725128	-0.028488012	-0.013728338	-0.013728338
0	0.079865756	0.039644706	-0.137598553	-0.014728476	0.043094237	0.043094237
0	-0.012367086	-0.060692224	0.022773798	-0.014055839	0.019176659	0.019176659
1	0.255325966	0.272413316	0.012572666	0.047060937	0.0810459	0.0810459
0	-0.210682676	-0.146225783	-0.132555433	0.031344581	-0.077543308	-0.077543308
0	0.207856863	0.087161947	0.054892966	-0.032233502	-0.058989537	-0.058989537
0	0.049983039	0.133228288	-0.126944494	-0.018299198	-0.03753741	-0.03753741
0	-0.407989651	-0.077320528	-0.184178517	0.018764637	-0.048241622	-0.048241622
1	1.452521317	0.380531602	0.142486904	0.166981706	0.079469139	0.079469139
0	0.098411752	0.057692126	-0.067737119	0.044474654	-0.005082597	-0.005082597
0	-0.342819118	-0.100269317	-0.038752202	0.08352998	0.109724345	0.109724345
0	-0.527146516	-0.060651085	-0.085376348	-0.02530793	-0.001593899	-0.001593899
0	0.259781291	-0.248344467	-0.084167816	0.028870997	-0.12726536	-0.12726536
0	0.087223448	0.108734897	-0.014279402	0.001273	-0.126885765	-0.126885765
0	0.218462476	-0.203596885	-0.03237038	-0.071404141	-0.008453634	-0.008453634
0	-0.085869891	-0.139889602	-0.062608511	-0.013891564	-0.126217414	-0.126217414
0	0.002570365	-0.098711728	-0.09137795	-0.034617756	0.020391722	0.020391722
0	-0.00624263	-0.229123509	0.094182947	-0.002030312	-0.018935148	-0.018935148
1	0.872306831	0.867932504	0.320706445	0.202293896	0.209351055	0.209351055
1	0.158199819	0.155757209	0.018278812	0.065025782	0.117453315	0.117453315
0	0.014265414	-0.079601306	-0.036540164	0.016704115	-0.010023468	-0.010023468
0	-0.108783885	0.069015743	0.074110541	-0.037705186	-0.151284531	-0.151284531
0	0.084245096	-0.075124672	0.065046423	-0.021258261	0.035175903	0.035175903
1	-0.058842651	0.141337489	0.177646003	0.061980747	0.039583266	0.039583266
