geno	resid	resid.SPTBN4	resid.AVP	resid.SIM2	resid.PINLYP
0	-0.205503802	-0.062557696	-0.125826002	-0.059766401	-0.028051172
0	-0.209429653	-0.16573366	-0.034016502	0.087679719	0.01645258
0	-0.197453286	-0.02965074	-0.061178352	0.029382287	-0.023415785
0	-0.009512442	-0.1093898	-0.011913098	-0.038833769	-0.10331563
0	0.054308217	-0.0855237	0.159427705	-0.06924724	-0.076739848
0	-0.144605058	-0.078637711	0.014005424	-0.076389269	-0.083025938
0	-0.036135093	-0.000836069	-0.079636471	-0.023401643	-0.050341455
0	-0.011085483	0.018355457	-0.085977275	0.021547616	-0.055066126
0	-0.14150929	-0.030009882	-0.174343254	-0.150862782	0.113078851
0	0.077833947	-0.019358097	0.062649211	-0.055530117	0.058965709
1	0.301166252	0.09154274	0.105471361	0.059345405	0.018830033
0.157	0.138855856	0.008624701	0.024876037	-0.02335823	0.159610076
0	-0.040509793	-0.036463013	0.003207117	0.001633373	0.011360852
0	0.119062167	-0.024697121	-0.070568383	-0.010621016	0.111561545
0	0.007314319	-0.030739322	-0.058794777	0.056064534	-0.071871981
0	-0.115179658	0.042660673	0.02744885	0.023980458	-0.063985678
0	-0.26542917	-0.092104401	-0.185358334	-0.047510662	-0.047933186
0	-0.097304748	0.023940833	-0.012717939	-0.040724417	-0.011608883
0	-0.262386187	-0.133435476	0.06723426	0.022451427	0.194929683
0	0.129185577	0.045621722	0.050823467	-0.023113294	0.050543934
0	-0.134180574	0.082360449	0.067584032	0.014936926	0.019355354
0	0.055589551	0.009103742	0.024813607	0.023737361	0.017507915
0	-0.167898088	-0.053110161	-0.057831045	0.002025981	-0.031977724
0	-0.196598945	-0.007443286	-0.002989013	0.036746571	0.051801591
0	0.01765599	-0.046834354	-0.02653013	-0.037577344	0.013081055
0	-0.190843071	-0.043044186	-0.026399971	-0.004490241	-0.058846185
0	-0.198284348	-0.175728543	-0.010266047	-0.074028546	-0.11373062
0.003	-0.134064022	-0.106742356	-0.052122287	-0.060674454	-0.05683054
0	-0.024501258	0.083909028	0.013079038	0.036809619	0.082890562
0	0.115365195	0.075182707	0.09239647	-0.000183948	-0.083870056
0	-0.061912577	-0.029329841	0.004620699	0.026330096	-0.134379716
0	-0.004893922	-0.034139555	-0.038913786	-0.065425061	0.219264149
0	-0.024966588	0.048560295	0.037393016	0.027459706	-0.007446138
0	-0.218966033	-0.001832607	-0.03496058	0.009412944	0.074329731
0	-0.168330332	-0.041774663	0.004342777	-0.003608404	-0.059066871
0	0.063966354	0.030714966	-0.067435229	0.022329149	0.20314421
0.998	0.6506315	0.201685115	0.073486438	0.080189945	0.115596246
0	-0.126309471	-0.125436338	0.055115926	-0.042720572	0.026596176
0	-0.013201605	0.081133967	0.029223969	-0.091343983	0.208247166
0	0.085784143	0.099645381	0.02620421	0.084899417	0.185955871
0	-0.172265051	0.039604029	-0.044672854	0.04142049	0.014262271
0.976	0.486119107	0.089133518	0.146780909	0.159570943	0.030927608
0	-0.107909063	-0.057419165	-0.076362398	-0.133788953	-0.032016061
0	-0.115882317	0.085943353	-0.008281828	-0.002104603	-0.130261444
0	0.032672051	-0.002584293	0.029981468	-0.001536484	-0.044662333
0	-0.132415883	0.167599588	-0.080370949	0.019284327	0.032368999
1	0.459109014	0.157869592	0.064437849	0.056627054	0.076826172
0	-0.140899345	-0.074979696	-0.034036332	-0.058039771	-0.164625497
1	0.151894436	0.050843979	-0.003836675	-0.011857478	-0.094315188
0	-0.222281756	-0.142360209	-0.104680678	0.011332379	0.074259458
0	0.419600175	0.148165261	0.097812461	0.029834362	-0.024338711
0	0.004607441	-0.005723364	-0.051116332	-0.058123888	0.125091032
0	0.054634731	0.043011835	0.005190855	-0.035044652	-0.014834648
0	0.021188394	0.001221183	0.036166119	-0.045470553	-0.059500728
0.999	0.331738283	0.037659644	0.127053109	0.003270905	-0.144033671
0	-0.176206014	-0.172623741	-0.012249606	0.073581134	-0.050837884
0	-0.006457103	-0.0184214	0.023573711	-0.072195975	0.139923998
0.001	-0.337434506	-0.137037855	-0.016486761	0.040667179	0.029984707
0	-0.234148502	-0.081343083	-0.131510387	-0.046495011	-0.183569292
0.959	0.53830842	0.174845253	0.1645283	-0.041943433	0.381001807
0	-0.029769788	0.071324708	0.040120429	0.087673062	-0.20174517
0	0.030322989	0.06022134	-0.097530839	-0.005999598	-0.071285528
0	-0.174595406	-0.098924109	-0.128688709	0.009523937	-0.125955593
0	-0.080699754	-0.061058594	-0.053133281	-0.046588803	-0.007330081
0	-0.068127253	-0.036856203	-0.00212303	-0.006311736	0.094759779
0	-0.191281103	-0.020704994	-0.097584474	0.089628451	-0.169695574
0	-0.174585932	0.047895882	-0.028253105	0.015639471	-0.017107894
0	-0.134402934	0.105488245	0.137469677	0.035172143	-0.039771341
0	-0.154811043	-0.077743601	0.034035949	-0.03528004	0.062107155
0	-0.146015524	-0.006867247	0.039868342	-0.025793719	0.041180421
0	-0.158625472	0.112374136	-0.181603525	-0.036885508	-0.096443847
1	0.830924402	0.305433983	0.150430512	0.01742765	0.274357956
0.967	0.443738291	0.133701617	0.189274469	0.209513041	0.143744773
0.909	0.235341719	0.201611573	0.15219027	-0.023473886	-0.008822742
0	0.060836587	0.034422059	0.039557193	-0.033377642	-0.051592332
0	-0.047908373	0.045832661	0.013583137	-0.047284441	-0.013843969
0.965	0.263058694	0.052704115	0.117449186	0.015057703	0.032070482
0	-0.156451909	-0.006650279	0.002495772	-0.048321047	-0.095454109
0.826	-0.045349709	0.085583527	0.044453197	-0.031260747	0.144646706
0	-0.366311076	-0.07787243	-0.069003199	-0.041404258	-0.031312071
0	0.066396554	-0.010955821	-0.037484655	0.039168934	-0.021668066
0	-0.053343469	-0.054555622	-0.007843743	0.080873287	-0.048827153
0	-0.106684251	-0.094231061	-0.065360364	0.021583539	-0.037071309
1.956	1.140738727	0.546003612	0.412939311	0.255789888	0.362540926
0	-0.25790569	-0.050558777	-0.06623825	0.019669247	-0.125337244
0	-0.059370027	-0.048055939	-0.025311525	0.007383485	-0.139733221
0	-0.095963296	-0.096241566	-0.014804932	-0.010482879	-0.065161775
0	-0.02208518	0.045380503	0.002169091	0.048011599	-0.004941021
0	-0.149928624	-0.05722344	0.04216017	-0.037642007	-0.074375073
0	-0.201588368	-0.050101005	-0.07705077	-0.017413832	-0.051381773
0	-0.121903055	-0.131351117	-0.046427023	-0.047291297	-0.127986402
1	0.806520729	0.29094051	0.23637116	0.072463908	0.285311942
0	-0.148067494	0.048732713	0.008167108	0.025141782	-0.026220581
0	0.034567171	0.073470461	-0.03282513	0.007152568	-0.076329931
0	-0.192446168	-0.045519644	-0.070611944	-0.012865478	-0.104135818
0.003	-0.135703565	-0.081575842	-0.115303601	-0.032083479	-0.016476974
0	-0.326095626	-0.075703628	-0.051894619	-0.028976617	-0.080650567
0	0.063687888	-0.044013362	-0.124985552	-0.057908556	0.008497661
0	-0.219966197	-0.112237774	-0.109066828	-0.039486418	-0.101614973
0	-0.05290229	-0.061796837	-0.01846758	0.038352282	-0.059394588
0	0.170997947	-0.061038308	0.018567791	-0.025075433	0.049755331
0.996	-0.101254494	-0.08295392	-0.071652243	-0.055320624	0.024198384
0.98	0.723074382	0.358116614	0.210003845	0.174825624	0.305157844
0	0.010130695	-0.072518545	0.001053927	0.019910239	0.093357911
0	-0.006082757	-0.041917791	-0.0324019	0.028431752	-0.012145358
0	-0.15014003	-0.073542838	0.007987361	-0.048807739	-0.076713778
0	0.088838843	-0.069392687	-0.011502579	0.023841017	0.022722357
0	-0.041955694	-0.063556385	-0.086191785	0.011109754	-0.099229759
0	-0.138757763	-0.092477311	0.027807157	0.000590577	-0.028069224
0	-0.115702275	0.007596754	-0.044872483	-0.013683755	-0.019323396
0	-0.170508099	-0.037774809	-0.05281597	0.018100737	0.097968916
0	-0.138007874	-0.079720081	-0.017346637	0.075194784	-0.079332054
0	-0.012868027	-0.0538103	-0.028771758	-0.04109209	-0.002308927
0	0.038511898	-0.001606979	-0.020210791	-0.012485679	0.019110742
0	-0.081226308	-0.002626596	-0.04450954	-0.003948924	-0.083212673
0	-0.049788303	-0.024151514	-0.011836161	0.054386421	0.053680527
0	0.022846859	0.092475454	0.007558205	0.027191152	0.08390954
0	-0.01707963	0.042365307	0.009920757	-0.021685447	0.006893584
0	0.088676313	0.064634402	0.063634157	0.06235821	0.00146063
0	0.00200684	-0.008417166	-0.026305274	0.022672956	-0.00072647
0	-0.083958098	-0.043159097	-0.060098485	-0.008510082	-0.042575182
0	-0.12280924	-0.037498139	-0.068850855	0.016893378	-0.029958437
0	0.039768992	0.05794764	0.004400659	0.011518058	0.046676635
1	0.314001877	0.101274042	0.076864185	-0.033043731	-0.031397732
0	-0.138454465	-0.030991119	-0.044335259	0.013415331	0.013388418
0	-0.102364307	-0.014696857	0.032289261	-0.007242646	-0.006205365
0	-0.215372356	-0.019004362	-0.055777293	-0.110306571	-0.013117656
0	-0.039178679	-0.005615125	0.050671851	0.049224254	0.008094883
0	0.013086025	0.013019047	-0.011877976	0.034119471	-0.04182203
1	0.474885485	0.169452105	0.08251289	0.040983634	0.078281047
0	-0.089351521	-0.002404029	-0.012505706	-0.017575889	-0.011357047
0	-0.083495111	-0.019823641	-0.001778065	-0.064939687	-0.073929359
0	0.095780064	0.030441582	0.038555065	-0.007611449	0.016590792
0	0.071574444	-0.076248354	-0.036189321	0.061607268	-0.207170736
0	-0.06240257	-0.018702112	-0.121522692	-0.07078894	-0.07314478
0	0.0386339	-0.119930279	-0.003264113	-0.005179986	-0.038286624
0	-0.035039073	-0.044489264	-0.004625577	-0.040898456	-0.04161518
0.999	0.497416461	0.209644037	0.077920945	0.079954098	0.15907105
1	-0.158259749	-0.018177968	-0.046644321	-0.024473691	-0.077059164
0	-0.092686515	0.017247112	-0.05853075	-0.029547325	-0.049973573
0.003	-0.178801382	0.01729325	-0.081640411	-0.015462291	0.316478008
0	-0.144013868	-0.055754374	-0.016682975	0.040109833	-0.093380929
0	-0.040129833	-0.059971363	0.041772491	0.04640362	-0.02129268
0	-0.111550025	-0.002732193	-0.084081371	-0.002103075	0.026919827
1	0.465260608	0.171432685	0.12510171	0.069712032	0.112637043
0	0.024785587	0.042004098	0.063276418	-0.006118338	-0.055733418
0	0.014672412	0.032548349	0.024568734	-0.012468646	0.146826391
0.902	0.473470969	0.09319295	0.111197094	0.090318417	0.135982589
0	0.120869026	0.01427196	-0.03943311	-0.012355686	0.098581683
0	0.030082397	0.008933575	-0.000840054	-0.037691556	-0.043228794
0	0.024382284	0.028128548	0.035444799	-0.009501422	-0.094716992
0	-0.136653569	-0.036391641	0.006940002	0.003140023	-0.084208843
0	-0.191405029	-0.026037262	0.01376889	-0.029810828	-0.027331799
1	0.512561062	0.187179601	0.106844456	0.107973284	0.178873102
0	-0.218852432	-0.056719146	-0.072638375	-0.048169349	-0.158391314
0	0.068938394	-0.059444835	-0.078720024	-0.05886947	0.024638703
0	-0.192429088	0.090147408	0.010319832	0.008678628	0.009432389
0	-0.089925512	0.021165818	-0.075833418	-0.079569213	-0.123884095
0.926	0.390181788	0.053155037	0.070989953	0.109662437	0.14509913
0	-0.266677566	-0.101182431	-0.058519364	-0.017980579	-0.023410606
0	0.012025881	-0.169529722	-0.019285652	0.009851183	0.006973394
0	0.163042128	0.026807348	0.06106494	0.010800473	0.014930263
0	-0.01366257	0.119473959	0.018109236	0.032056641	0.054073901
0	0.087590832	0.035469544	0.071732204	0.107848607	0.106757068
0	-0.030277014	-0.026515841	-0.054545059	-0.106473902	-0.050959604
1	0.517119487	0.164315258	0.125451003	0.065018984	0.104152604
0	-0.0274668	0.120595611	0.081097692	0.030379981	0.011204469
0	0.339370568	0.039322909	0.066546893	0.020803123	0.264408286
0	0.029083301	0.014497547	0.050586457	-0.038304631	-0.141297921
0.474	0.019788799	0.014779694	0.015096307	0.046420776	0.002173658
0	-0.093023958	0.034378072	0.039970975	-0.043093143	-0.116469094
0	-0.028772161	-0.036057321	-0.011339839	-0.048491233	0.023192296
0.782	-0.217077969	-0.111785318	-0.045904291	-0.044745867	-0.148895157
0	0.239865562	0.096132128	0.039525945	0.054262402	-0.027587301
0	-0.190913215	-0.050933238	-0.02044453	-0.037492168	-0.057586011
0	-0.01922181	-0.107280394	-0.03049628	-0.04776896	-0.04111833
0	-0.108728263	0.036245348	-0.069451969	-0.063090546	-0.020203029
0	-0.123250195	-0.084179537	-0.029506871	0.030014689	0.057020131
0	-0.086683692	-0.061252238	-0.085323433	-0.022803185	0.058067937
0.916	0.575170346	0.160462452	0.1148074	0.042956609	0.099292125
0	-0.091662177	-0.097948698	-0.002936135	-0.022787007	-0.051001908
0	-0.131908093	-0.194725842	-0.02864239	-0.079810362	-0.088527503
0	-0.017421071	-0.048452781	0.022796489	-0.020730629	0.020720195
0	0.054399845	-0.003301785	0.022140326	-0.009199077	0.103123804
0	-0.052920696	-0.004203572	-0.024653826	0.055470745	-0.096117064
0.011	-0.104479792	-0.046996896	-0.007655012	-0.05399683	0.054161748
0	-0.034830327	-0.011128878	0.001586184	-0.047935544	-0.006592239
0	-0.108836781	-0.066513308	-0.015186998	-0.038995508	-0.087525263
0	-0.1792402	0.018927847	0.022678405	0.054828097	-0.000504557
0	-0.217001107	0.008696941	-0.076407254	0.013880318	0.009748484
0	-0.119777834	-0.015979801	-0.012399033	-0.063129361	-0.003953624
0	-0.167698695	-0.008627976	0.041437921	-0.03054762	-0.004589566
0	-0.161852129	0.008196532	-0.049052755	-0.058627169	0.030868726
0.719	0.548198152	0.260765896	0.148661684	0.077133768	0.139615892
0	-0.054758373	-0.017299375	-0.031890068	-0.001719557	-0.076482088
0	0.034480926	-0.006385814	-0.058918973	0.036821302	0.018205149
0	-0.034030832	0.015341691	-0.021824083	-0.000248235	-0.033285439
0	-0.221319078	-0.031396473	0.018082382	-0.040902788	-0.071965719
0	-0.062267656	0.024564792	-0.005528254	0.037105481	0.024584392
0.998	0.498004137	0.215110281	0.206713465	0.075474041	0.128724482
0	-0.115382159	-0.142993756	0.059862729	-0.005651891	-0.145062518
0	-0.114108178	-0.00697435	-0.084020234	0.022942208	0.070501259
0	-0.048003379	-0.024629834	0.00353732	0.057238523	-0.138243243
0	-0.088388409	-0.001954411	-0.052268259	-0.007222948	-0.048038019
0	-0.066323223	-0.081661982	0.030074934	0.006383877	-0.014805728
0	0.027112663	-0.048413453	0.11420519	-0.101922572	0.124308566
0	-0.20995847	0.013247803	0.048187659	-0.098649433	-0.007045061
0	-0.073153755	-0.00807597	-0.016520427	0.012964448	0.012012145
0	-0.240922113	-0.046155444	-0.036850567	0.03336524	0.004197687
0	0.172801739	-0.029282457	0.031960392	-0.098119791	-0.024177679
0.054	-0.043230253	-0.006267414	0.032282617	-0.092166276	-0.042898731
0	-0.082832293	-0.084724924	-0.024775579	0.069492286	0.008666822
0.16	0.152198926	0.001318117	-0.051901705	0.001684956	-0.023076392
0	-0.107853178	-0.032830052	-0.04734658	-0.00113085	-0.070375185
0	-0.218762508	0.001909057	-0.044098497	-0.051455262	-0.029932663
0	-0.100641514	-0.026429233	-0.014525572	-0.031313134	0.083453401
0	-0.055612644	0.020639151	0.072326965	0.026225718	0.063331196
0	0.197760068	-0.056546143	0.040646654	0.038046606	-0.032879718
0	-0.058267729	-0.000624343	-0.038494894	-0.026908147	-0.026195431
0	-0.094057989	-0.005199402	0.006213644	-0.039397918	-0.172539156
0	0.169494344	-0.131772511	-0.046385369	-0.059334882	0.103908447
0	-0.100439561	-0.005892194	-0.044827226	0.009662844	0.097522087
0	-0.021088358	-0.022644631	0.077139338	-0.003800524	-0.086565894
0	0.058538106	-0.028125822	0.054616786	-0.012737163	0.02034799
0	-0.035124215	-0.036570099	-0.069141679	-0.103118996	-0.184035758
0	-0.155605316	-0.185772493	-0.047734356	0.001540537	-0.082493826
0	0.046367487	0.153136601	0.096278215	0.010662651	-0.041957415
0	0.088636738	-0.043785181	-0.014733878	-0.021960924	-0.155062243
0	0.164513991	-0.026854501	-0.072908681	-0.021449062	-0.053886164
0	0.34561956	0.036015927	0.031898699	0.011248832	-0.035956087
0	0.241769759	0.150134575	0.028204973	0.118387909	0.160018335
0	0.096410637	-0.047147846	0.036899107	-0.011408746	-0.051188229
0	-0.202118041	-0.074735184	-0.014386693	0.040479672	-0.039307171
0	0.012136716	0.013883563	-0.06743401	-0.007210001	-0.084064629
0	-0.355793126	-0.163070403	-0.095741305	0.011992024	-0.013078516
0	0.703338235	0.368649616	0.278003805	0.008600723	0.146276348
0	0.148151902	-0.003432385	-0.086044861	0.004029983	0.06285389
0	-0.017030431	0.043084207	-0.008242938	0.010267786	0.035865615
0	-0.265737408	-0.12597767	-0.099516187	-0.012773785	-0.002572039
0	-0.281743815	-0.14046661	0.001047269	-0.021203084	-0.155510892
0	-0.09640787	0.017806774	-0.133804608	0.015874304	0.028374711
0	0.114558965	0.004046823	-0.045067889	0.014116366	0.049924526
0.015	0.059237721	-0.139912697	0.062300858	0.091854099	-0.00861192
0	0.061074848	-0.004782357	-0.125567549	0.016385331	0.06764338
0	-0.201390519	-0.105160456	-0.025890024	-0.040386919	-0.099318599
