rs77478906	rs7072828	CD57_pos	CD226_pos	rs1788098	kir2ds4del	panKIR_pos
0	1.972	57.5	NA	NA	1	25.8
0	2	64.4	NA	NA	1	12.8
0	0.999	49.7	85.9	0	1	30.3
0	0.978	62.9	NA	NA	0	71.7
0	0	70.6	NA	NA	0	25.4
0	0.971	41.9	NA	NA	0	23.1
0	0.998	57.8	NA	NA	0	40.9
0	0	37.8	NA	NA	1	39.6
0	1	41.6	NA	NA	1	34.7
0	0.973	62.5	NA	NA	1	31.9
0	0.989	49.7	NA	NA	1	32.4
0	0	43.2	84.4	1	1	26.9
0	1.999	35.7	NA	NA	1	43.1
0	0	18	50.2	1.975	2	15.4
0	1	42.3	NA	NA	1	45.5
0	0.999	26.1	55.3	0	1	18
0	0	23.5	NA	NA	2	54.2
0	2	25	55.6	0.987	1	28.6
0	1.989	42.8	NA	NA	1	44.6
0	1.998	47.6	43	1.99	0	37.9
0	1	63.6	NA	NA	1	50.2
0	1	33.8	NA	NA	1	53.3
0	0.999	53.4	NA	NA	2	52.1
0	1	51.1	NA	NA	1	42.5
0	2	43.2	NA	NA	1	75.6
0	1	43.3	76.7	0	2	31.5
0	0	36.8	NA	NA	0	32.3
0	0.939	36.5	NA	NA	1	43.7
0	0.999	64.5	69.3	0	0	36.4
0	0	44.4	85.3	1	1	19.2
0	0	50.4	74.4	0.999	0	34.2
0	1.998	34	79.3	1.961	2	40.9
0	0.997	57.1	72.4	0.998	1	60.8
0	0.962	41.3	NA	NA	2	25.5
0	1	49.3	NA	NA	1	23
0	1	38.6	NA	NA	1	58.5
0	1	47.4	NA	NA	2	19
0	0	49.5	92.3	0	1	41.2
0	0	45.7	NA	NA	1	57.4
0	1	61	61.7	1	2	37
0	0.995	58.3	80.6	0	1	23.2
0	0.998	66.2	NA	NA	1	53.8
0	1.989	41.5	32.3	1.997	2	15.3
0	0.998	52.4	NA	NA	1	43.9
0	0.988	65.5	95.1	0.994	1	38.3
0	0.997	54.3	64.2	1.999	1	38.1
0	1.997	58	NA	NA	1	13.4
0	1	47	NA	NA	0	42.7
0	0	73.7	NA	NA	1	62.1
0	1	81	NA	NA	0	40.5
0	0.998	48.5	NA	NA	0	47.5
0	0	70.2	NA	NA	1	43.4
0	0	18.6	75.7	0	1	22.1
0	0.96	60.6	NA	NA	2	22.7
0.001	0.999	43.6	NA	NA	2	46.3
0.925	1.997	19.1	NA	NA	1	34.2
0.994	0.991	16.7	NA	NA	0	47.1
0.996	1.976	38.5	NA	NA	1	30.8
0.997	0	47.7	NA	NA	1	40.6
0.998	1.999	11.7	NA	NA	2	31.7
0.998	0	41.5	NA	NA	2	11.1
0.999	0	33.6	NA	NA	0	25.8
0.999	0.99	42	NA	NA	1	41.9
0.999	1	49.3	NA	NA	2	55.1
0.999	1	47.9	NA	NA	1	34
1	1	14.1	68.3	1	1	20.9
1	1	34.4	88.6	0	0	38.2
1	1	39.9	NA	NA	2	38.3
1	0.998	9.69	45.6	0.99	2	9.32
1	0.995	58.9	NA	NA	1	56
1	1	39.8	NA	NA	1	16.5
1	0	44.1	69.6	1	0	51.8
1	0	53.7	77.2	1.996	2	21.7
1	0	31.2	NA	NA	0	65.3
1	1.999	42	NA	NA	1	40.1
1	1	28.1	NA	NA	1	20.4
1	2	38.6	NA	NA	0	39.6
1.987	2	17.8	NA	NA	2	58.4
