ENSG00000150637 ENSG00000109956 rs77478906 rs1788098
0.259231 -0.209749 1 1
0.137293 0.310953 0 0
0.123132 0.486396 0 0
0.303711 0.125157 0 0
-0.122013 -0.0317472 0 1
0.0267385 -0.0244896 1 1
0.122066 0.268145 0 1
-0.310586 -0.16955 1 1
-0.0161257 0.622737 0 2
0.113862 0.329281 0 1
0.187933 -0.325955 1 0
-0.170753 -0.229764 1 1
-0.220155 0.677956 0 2
-0.0312485 0.193005 0 1
-0.101868 -0.308915 0 2
0.111482 -0.0940533 1 0
0.0455268 0.0368975 1 1
-0.183423 0.0212654 0 2
0.18013 -0.0830812 0 0
0.0763901 0.0758215 0 2
-0.25439 -0.0484053 0 2
0.0349714 -0.143261 1 1
0.192497 -0.357608 1 0
0.128651 0.369692 0 2
-0.216271 -0.227544 1 2
-0.162127 -0.00336116 0 2
0.115985 0.175795 0 1
0.382129 -0.116141 0 0
0.219828 -0.521778 1 0
0.0532285 0.393494 0 1
0.161008 -0.0761562 0 1
-0.282424 -0.0481569 1 1
0.335685 0.261421 1 0
-0.185276 -0.0479973 0 1
-0.245874 -0.214437 0 2
0.283393 -0.357717 1 0
-0.320775 0.241694 0 2
0.087874 -0.124276 0 1
0.242687 0.0405461 1 1
-0.194959 0.0130671 1 2
0.201657 -0.0643381 0 0
0.0667589 -0.120234 0 1
-0.306748 -0.552938 0 2
-0.384469 -0.482208 1 2
-0.0129403 -0.226562 0 0
-0.207247 -0.248984 1 2
0.289623 -0.427396 2 0
-0.413251 0.0423019 1 1
0.259752 0.0466789 0 1
0.0876361 0.176753 0 1
0.181927 -0.417866 0 0
0.102211 0.135571 0 0
0.0360233 0.0798394 1 2
-0.0756087 0.295744 0 1
0.0149495 -0.0439816 0 1
-0.0367586 0.154782 0 1
0.110792 0.127014 0 1
-0.00690712 0.431446 0 0
-0.0524762 0.382001 0 1
0.101366 -0.339561 1 0
0.13955 -0.122957 0 0
-0.0403851 0.123518 0 1
0.165826 0.620109 0 2
-0.1713 -0.125452 0 1
-0.109057 0.058419 1 1
-0.0218954 -0.242137 2 2
0.0404932 -0.255167 0 1
-0.060936 0.122705 0 1
-0.273499 -0.0984226 0 1
-0.0754591 0.0855263 0 2
-0.353574 -0.147891 0 2
0.0382306 0.172033 0 0
-0.061977 -0.0433073 1 1
-0.10529 -0.259959 1 1
-0.357975 0.224022 0 2
-0.0508209 0.272877 0 1
0.270927 -0.162577 1 0
0.166514 -0.177438 0 0
0.129343 0.0412831 0 0
-0.346272 0.138168 0 2
0.0460846 -0.0956863 1 1
0.194337 0.668215 0 1
0.150913 -0.0568046 0 0
-0.379648 -0.219928 0 2
-0.054762 -0.398594 1 2
0.225405 -0.122047 0 1
0.113732 -0.010358 0 1
-0.00982539 -0.10762 0 1
-0.201551 -0.0793827 1 2
-0.134941 -0.0697855 0 1
0.040882 0.188027 0 0
0.0421927 -0.0942218 0 0
-0.181718 0.172228 1 2
-0.0460998 -0.357216 1 1
0.116195 -0.394448 0 0
-0.0527137 -0.0126521 0 0
-0.0650362 -0.25959 0 1
-0.0174841 -0.0700506 0 2
-0.131217 0.214582 0 2
0.0713971 -0.285037 2 1
-0.259278 0.252663 0 2
0.0107 0.30044 0 2
0.0728867 -0.0710042 0 0
-0.177272 0.0456434 0 2
-0.118896 -0.0871948 0 1
0.0876643 0.0280665 1 0
0.0895435 0.122795 0 1
0.00292217 0.204623 0 0
-0.205916 0.388974 0 1
0.0112601 -0.195522 1 1
0.255611 0.213339 0 0
-0.0861472 -0.416811 0 1
-0.0671959 0.222246 0 1
0.122264 -0.806279 2 1
0.0820447 0.280029 0 1
-0.0838225 -0.294621 0 0
-0.0402295 -0.159647 1 1
0.116204 0.0169707 0 2
-0.339853 0.0394712 0 2
-0.212026 0.139888 0 1
-0.254179 -0.0522419 0 2
0.214727 0.125535 1 1
-0.0785081 -0.000464085 0 1
0.0283677 0.0329555 1 1
-0.0801452 0.235111 0 1
-0.237086 -0.188016 0 1
0.0765015 0.248143 0 1
-0.0912015 -0.172847 1 1
0.0237144 0.327682 1 1
-0.205106 0.0479673 0 1
0.284181 -0.0455861 0 0
0.257405 0.271372 0 0
0.0638327 -0.0634845 0 2
-0.0202873 -0.153669 0 2
-0.0231043 -0.337659 0 1
0.21565 0.220339 0 1
-0.313448 -0.484095 2 2
-0.0468972 -0.279554 1 1
0.0800315 0.0944699 0 1
0.088369 0.302088 0 2
-0.10015 -0.314839 0 0
-0.196812 -0.0583773 0 1
0.0686585 -0.114805 1 1
-0.0781787 -0.131041 0 1
0.00423975 -0.228237 1 1
-0.185898 -0.26649 1 1
0.00199981 -0.137246 0 1
-0.343346 -0.162137 0 1
-0.0110411 0.136431 0 1
0.0342126 -0.567339 0 0
0.280758 0.0571233 0 0
-0.190396 -0.0962676 0 1
0.24759 0.0341015 0 0
-0.248309 -0.236536 0 2
-0.115542 0.181064 0 2
-0.16796 0.0294257 0 1
-0.046058 0.192111 0 1
0.268959 0.0175845 0 0
-0.00916509 0.406476 0 1
-0.139311 -0.333023 0 1
0.251067 0.367896 0 0
0.115508 -0.151725 0 0
-0.279834 0.233125 0 1
0.345812 -0.0582228 0 1
0.149399 -0.0917846 0 0
0.0140679 0.0155383 1 1
-0.253831 -0.241893 2 1
0.00419538 0.0863034 0 1
-0.315521 0.186117 0 2
0.274915 0.381966 0 1
-0.226908 -0.162632 0 0
0.107865 -0.0746398 0 0
0.0318537 -0.0306443 0 1
-0.0599092 0.620101 0 1
0.0911287 -0.058905 1 1
0.0307295 -0.213401 0 1
-0.067431 0.0376543 0 2
0.161225 -0.178737 0 0
0.0557612 0.387708 0 0
-0.179345 0.222366 0 2
-0.238973 -0.145694 0 1
0.0343666 -0.238532 1 0
-0.188391 -0.0500451 0 1
0.152699 -0.0261519 1 0
0.0470715 -0.190956 0 0
0.0810212 0.0126719 0 0
0.348102 0.114557 0 0
0.0133339 -0.0524518 0 1
-0.0118752 0.0562588 0 2
0.120083 -0.0978227 1 1
-0.0161507 0.270604 0 1
-0.167566 0.0408008 0 2
0.0104454 -0.264528 0 1
-0.0911691 -0.236263 1 1
-0.00290616 0.0588611 0 1
-0.0664897 -0.341623 0 2
-0.0930722 0.233186 0 2
-0.107629 0.622715 0 1
-0.203654 0.0795384 1 1
-0.0220915 -0.0857468 0 2
-0.0775562 -0.111068 0 1
0.188404 -0.0499784 1 2
-0.00588481 -0.130826 2 1
0.0542273 0.0125808 0 0
0.0528049 0.182346 0 1
0.194325 0.1181 0 0
0.0944386 -0.318168 1 0
0.241415 0.0160175 2 1
-0.0288005 0.274211 0 1
-0.0517175 -0.0378831 1 0
-0.118874 -0.193669 0 1
-0.11303 -0.209065 1 0
0.199166 0.121123 0 1
0.366709 -0.0682278 0 1
-0.22579 0.0235655 0 1
-0.0736817 0.153728 0 2
0.334899 0.182041 0 0
-0.00522561 0.23031 0 1
0.252644 -0.386433 1 1
0.294389 0.184956 0 0
0.0313148 0.173393 0 1
0.197721 0.270984 1 0
-0.0551284 0.0472291 1 1
0.0517908 0.154076 0 1
-0.0621623 0.0311477 0 1
0.029089 0.0626323 1 1
0.1408 -0.0810382 1 0
-0.052802 -0.1137 1 2
-0.150696 -0.295155 0 1
0.136222 0.261028 0 1
-0.0725474 0.00342259 0 1
-0.0643131 -0.314612 2 0
-0.0982048 0.19493 0 0
-0.0391298 -0.209296 1 0
-0.0165575 0.597095 0 0
-0.0426137 -0.249555 1 1
0.0602482 0.00270088 1 1
0.286419 0.101115 0 0
0.215002 0.175577 0 1
0.245606 0.0975996 0 1
0.199598 -0.0197915 0 0
0.170236 0.236477 0 1
-0.0230231 0.286406 0 1
-0.39901 -0.116963 1 1
0.0618089 0.254744 0 1
